100 100
410082874 972144822 989092352 928098423 328525390 594369718 574252170 536711394 777890310 332588896 493028714 251192753 861852858 61540931 747290378 338803470 557184070 935496383 603087105 177425206 191835942 225909140 416917101 969030305 164776747 850303266 774041105 45936957 123282701 675590745 280285412 405517404 716780164 56753917 940624545 877760051 876166548 509615524 226932563 834033864 808217948 675761962 79298145 179844194 959556142 282089816 689009939 312021347 684599152 298787177 360545168 878334371 111707515 932810929 306058384 810323645 778999528 733690231 315928751 308406912 455111622 942606205 208291748 254725679 324684326 786720523 181589908 614517193 623015859 220628231 272787953 90277710 680738082 35505634 651531667 85558676 907153655 472357604 905048704 874127645 672168882 483149362 948591779 79892518 81915323 115777196 647732312 667530860 177629199 614717048 759732610 132552511 179754117 358355206 614298620 147493448 186976313 329033712 128880469 426969609
410082874
681358757
656636809
33753917
681211358
134548427
16567972
536355281
381061008
934240112
424309910
26752294
245817084
233059486
82979544
6777135
155081104
411673122
238689579
682959942
972144822
589373167
714181101
577102250
97529954
106618320
157915254
280787732
587173409
953434939
773470014
175871382
251484300
309179431
65479631
818039975
443269844
864785612
264296656
353467703
989092352
663610407
125703307
361046807
946172738
731042867
756548811
227696743
843440747
74274383
535929603
356472837
947429923
905733816
849503826
79577608
723780535
654628559
481812300
322635019
928098423
154761377
679866532
433025140
418465497
598142321
805517923
286000429
179990846
534887302
167318024
370206035
801393707
783829932
678190411
282854373
817923798
284403899
662585533
262070566
328525390
856781800
207239510
518706123
737163068
748329217
74438905
575345227
709159014
424715243
144980764
674215181
136017368
608378620
328892953
933452361
430648892
904360224
196108082
548650964
