9
792 96
85218 85299
43939 44020
25152 25172
45433 45502
34141 34228
65363 65394
25321 25409
91710 91786
43607 43676
90858 90910
99667 99674
54193 54264
69177 69274
4927 4998
7311 7325
78147 78167
39059 39131
24508 24555
65023 65037
96350 96382
53258 53299
56844 56893
3052 3094
74538 74591
49604 49693
93004 93051
22030 22120
99428 99437
23206 23237
46634 46652
12193 12277
22944 22964
92413 92469
28443 28479
57854 57906
48489 48534
12696 12702
37858 37957
17843 17930
88025 88113
51426 51498
79071 79164
61655 61710
71462 71490
16631 16725
17814 17866
65792 65887
96702 96741
67646 67742
9111 9186
19809 19870
62494 62588
98740 98835
26535 26557
64526 64558
27449 27537
91645 91716
60384 60420
61007 61045
53943 53988
73634 73706
21392 21410
41665 41741
13516 13530
22610 22639
93389 93482
36685 36732
86217 86239
92857 92891
91079 91124
15866 15881
91663 91674
23556 23566
96457 96480
92867 92885
14345 14354
10505 10512
59298 59301
71341 71406
94777 94862
49024 49083
99047 99066
10732 10800
53579 53622
58891 58959
81317 81385
53396 53432
64899 64938
75721 75774
94352 94409
67136 67232
32371 32421
51534 51594
63579 63655
52087 52093
99691 99729
58229 58267
8978 9026
33475 33489
43438 43460
8670 8746
93749 93801
14798 14892
29385 29442
55622 55704
85750 85792
18591 18602
88315 88402
48098 48192
88998 89076
7670 7727
62693 62718
93001 93057
81831 81859
92588 92674
93501 93587
9366 9450
47431 47441
72415 72445
37451 37505
7235 7258
26332 26352
51982 52053
18739 18793
819 822
4207 4267
31072 31077
76647 76730
1605 1627
24848 24900
55854 55875
95967 96058
68379 68426
51733 51775
84592 84690
31051 31102
44568 44581
97966 98022
54118 54175
57147 57235
46700 46786
9470 9560
95196 95254
43652 43749
75331 75425
62339 62432
85921 86003
24191 24231
28599 28613
3939 3943
55663 55753
29345 29358
73492 73580
19985 20045
37298 37304
78889 78945
92819 92847
59605 59693
42855 42947
5062 5120
69220 69293
44982 44991
43126 43189
82465 82546
27692 27729
80522 80610
93146 93228
673 731
42784 42865
53103 53130
65436 65478
88547 88631
42413 42499
22611 22678
75378 75403
95004 95020
16427 16482
97867 97938
96641 96700
98890 98894
7203 7210
36385 36442
66254 66305
8900 8932
2593 2668
12900 12999
39353 39357
58281 58295
13014 13104
31845 31937
54425 54519
55650 55675
42798 42805
36871 36914
94584 94620
2117 2148
44123 44195
90855 90889
58757 58769
98968 99057
89066 89165
6317 6410
57901 57968
18003 18092
4264 4265
20491 20494
37940 37966
84935 84999
68496 68548
8873 8898
20492 20580
35651 35692
3330 3419
43472 43520
75425 75498
95458 95528
40457 40495
36383 36409
90521 90528
55683 55752
32801 32840
50748 50788
30732 30832
68851 68895
62298 62320
49191 49278
59209 59303
85636 85715
79835 79895
95946 96038
30685 30734
1406 1410
14346 14408
49395 49412
51409 51496
60463 60519
26329 26380
42615 42690
27779 27784
44596 44650
28304 28322
86797 86897
25158 25250
73177 73275
37721 37778
2646 2717
97755 97796
77625 77632
5459 5544
5741 5805
86932 87022
66671 66741
96514 96614
64881 64901
98936 98950
3533 3559
25730 25740
10365 10425
41361 41448
14360 14396
58007 58107
81056 81079
68830 68831
55329 55356
3489 3562
49605 49650
3655 3754
85097 85164
75801 75859
2805 2900
44225 44255
60418 60484
43519 43596
22884 22932
49195 49196
77789 77797
35971 35985
68475 68483
77609 77664
15057 15108
48480 48572
85718 85752
9548 9604
74823 74841
40290 40293
35815 35913
2038 2054
36636 36669
82051 82078
81200 81222
39860 39922
86422 86435
67274 67339
62130 62228
74076 74078
2984 3070
41325 41345
26754 26761
83915 84008
99572 99603
85435 85529
40165 40242
61671 61747
34444 34504
61586 61621
83572 83575
1112 1184
24201 24259
34693 34715
81840 81860
46005 46103
79686 79689
53651 53660
36826 36914
15456 15514
10161 10215
35495 35511
13005 13094
46966 47047
99608 99622
4065 4164
41008 41042
4297 4317
47208 47279
93503 93599
29971 29977
3355 3361
37950 37980
68232 68246
55206 55275
8459 8468
33827 33840
25021 25118
16824 16905
76150 76245
86778 86852
28547 28551
7709 7742
40552 40624
98162 98180
3801 3826
7618 7628
87890 87892
4527 4612
20402 20448
46885 46974
9924 9946
93521 93581
26864 26948
34917 34948
31902 31910
67477 67503
83548 83569
97898 97955
29868 29931
79478 79504
1447 1481
41367 41446
97302 97310
74994 75045
64660 64711
95296 95309
37680 37764
73405 73422
31705 31748
88829 88875
26623 26677
79899 79906
55333 55422
7987 8033
28619 28702
84108 84154
337 354
7015 7106
91700 91734
48881 48979
54439 54442
71760 71852
79264 79351
8289 8365
5331 5416
80405 80431
64914 64990
85980 86049
90990 91045
30899 30955
27900 27927
38552 38594
44596 44676
19850 19872
35012 35018
10121 10215
71900 71936
64915 64976
74194 74211
58711 58773
2051 2080
39422 39452
76506 76554
87634 87670
38712 38720
88580 88617
6263 6353
26089 26159
68982 69016
4275 4318
49617 49651
71402 71456
21870 21894
46858 46919
10715 10815
36491 36509
42768 42801
34430 34481
52476 52540
93621 93683
11101 11116
16758 16832
43886 43981
36385 36399
50784 50830
92669 92757
16475 16551
67832 67850
67588 67621
54017 54108
12557 12598
87201 87232
56544 56612
19147 19246
45658 45719
39936 39973
72108 72127
5112 5182
83885 83959
71728 71734
90650 90660
38401 38461
53087 53161
69184 69259
99429 99435
70403 70428
64611 64617
35081 35092
39149 39183
26593 26615
15533 15545
11578 11677
36850 36902
56614 56667
48432 48496
29103 29137
32556 32648
35536 35548
1438 1448
943 1013
59654 59668
77818 77859
25443 25458
5138 5168
47934 48027
97999 98032
46981 47067
36978 37010
79471 79569
9427 9462
68028 68119
64997 65026
10345 10416
33269 33287
89568 89577
99942 100022
79172 79185
95661 95720
80906 80907
31134 31164
81091 81158
33246 33289
16651 16677
54452 54519
44314 44401
90986 91073
36928 36967
62821 62886
33354 33419
42926 42937
52350 52363
70083 70086
9802 9863
25688 25756
56673 56689
69865 69866
22344 22432
17350 17362
27739 27832
77047 77070
99491 99546
48543 48638
11326 11340
1966 1980
17942 18032
4817 4822
47663 47683
84963 84998
2465 2553
42438 42460
15504 15589
8500 8550
38509 38602
80950 81016
71850 71867
53834 53841
34635 34692
68203 68228
39230 39306
89792 89852
27954 28034
68519 68551
85725 85738
41127 41198
36882 36893
33570 33648
10828 10914
66457 66476
35113 35209
52840 52911
40591 40633
59230 59290
29861 29876
7152 7226
65616 65648
76239 76330
16404 16438
55165 55182
58855 58944
38106 38135
45344 45414
85985 86032
26776 26789
64451 64512
45757 45770
91175 91177
48115 48149
77327 77374
68261 68299
64524 64587
97902 97911
51397 51477
28468 28493
7119 7173
31969 32058
73922 73965
32025 32040
23310 23368
94436 94473
15791 15890
24231 24291
73530 73584
24209 24295
56411 56431
74400 74445
24396 24430
3831 3841
3268 3342
21154 21193
67483 67499
40354 40392
79515 79607
74649 74732
63380 63469
38091 38144
42271 42334
82127 82213
87444 87476
98741 98800
27244 27247
66907 66999
87788 87868
87918 87923
71391 71482
50659 50742
1725 1796
45540 45586
61462 61488
95326 95381
67713 67735
49482 49511
31764 31819
24228 24246
88396 88402
51156 51214
15790 15875
31149 31238
71760 71790
90424 90446
85551 85604
62299 62367
39995 40063
49618 49656
9701 9762
35148 35240
56546 56624
71759 71815
76093 76179
19914 20012
90594 90596
9595 9663
34012 34108
72912 72967
28447 28481
476 508
11187 11223
82486 82491
18544 18612
98565 98603
95446 95479
4363 4380
41080 41171
61216 61231
77444 77530
25357 25408
20799 20877
49321 49419
9507 9597
10902 10907
20785 20826
60318 60324
86848 86924
75743 75761
16169 16212
76233 76318
66300 66392
66044 66144
71911 71994
7911 7980
12576 12581
88279 88354
14665 14759
40684 40745
92504 92570
65551 65615
10895 10986
33142 33150
59759 59766
37086 37098
90312 90401
50004 50022
89745 89825
90346 90407
52070 52161
17539 17545
41587 41660
33880 33891
1732 1806
24021 24049
60507 60571
51963 52031
19446 19545
15814 15868
25896 25987
41460 41560
36968 36973
66117 66150
74024 74057
26441 26498
16458 16472
89327 89382
39689 39787
71872 71881
21951 22000
52440 52494
35253 35345
68964 68981
83629 83677
81898 81958
34708 34744
66089 66100
55982 56074
72089 72168
91992 92072
51905 51975
757 855
33063 33093
45044 45139
97435 97453
9767 9864
14934 15002
34404 34457
17311 17361
82617 82701
30434 30436
65201 65280
75652 75696
37666 37754
50820 50888
50844 50876
76092 76132
47399 47420
34107 34173
3761 3793
85259 85324
65989 66028
92716 92748
11001 11029
46675 46692
74685 74720
32923 32928
9116 9165
76904 76953
94689 94717
6356 6455
34115 34147
28703 28740
74505 74518
20272 20275
35362 35377
81951 82014
73181 73196
93863 93879
55757 55819
64868 64896
34525 34549
33082 33097
45865 45939
6005 6082
41153 41178
25176 25193
14365 14367
71332 71432
76102 76143
44399 44425
96059 96060
31301 31392
59386 59430
75560 75636
70983 71049
28611 28676
31603 31639
58694 58742
29739 29784
94270 94357
87046 87128
97657 97665
64534 64550
68203 68269
60840 60934
1258 1283
28339 28372
60732 60783
55109 55163
6760 6782
93120 93124
13238 13260
23465 23526
45692 45705
37538 37549
57676 57755
65142 65182
59585 59685
92351 92425
70228 70316
67053 67126
87166 87260
42917 42936
4503 4549
93863 93926
97805 97806
44178 44220
99358 99423
20089 20165
55288 55377
30375 30399
37332 37360
63706 63741
94070 94072
94346 94399
16905 16998
91016 91029
59358 59450
27874 27914
84001 84004
26097 26135
81390 81481
65877 65939
48549 48621
8738 8747
26946 27036
82497 82550
56169 56265
66962 66999
5662 5692
72082 72169
1045 27
32253 32266
45881 45898
52538 52610
70725 70803
52618 52626
75646 75715
56581 56637
94695 94710
18170 18260
13399 13455
99400 99404
53222 53260
85863 85891
98261 98281
88580 88587
33834 33841
66495 66580
63090 63129
91757 91791
78844 78862
30990 31057
36621 36675
16752 16834
30166 30220
94555 94623
44473 44542
45750 45846
5445 5516
41013 41044
36600 36694
9318 9385
70693 70782
72980 73049
93713 93729
54438 54531
7010 7022
71494 71563
8765 8844
7858 7936
54816 54868
43550 43612
82469 82561
75672 75752
40357 40394
72301 72336
27704 27776
5391 5413
54352 54392
38727 38755
45886 45971
70675 70708
67225 67240
16362 16461
12999 13076
20558 20639
56951 57026
87711 87791
13869 13878
68281 68363
94488 94572
92049 92131
75073 75126
66283 66363
42297 42313
36760 36845
75027 75091
84189 84202
81103 81174
55528 55568
16605 16679
51986 52077
45562 45622
9989 10051
90024 90104
39900 39962
75181 75275
50617 50706
55787 55832
43242 43258
84879 84894
85592 85655
32267 32328
22485 22537
34223 34229
50602 50689
19501 19579
84914 85003
78741 78765
34329 34419
50385 50431
97257 97331
10945 10998
39886 39949
3982 3988
4498 4595
41865 41882
94662 94673
78395 78415
68817 68880
72972 72980
52638 52643
82382 82393
63118 63200
39439 39453
63645 63679
39770 39773
70485 70497
6751 6791
63053 63069
74912 74917
71916 71975
47033 47085
8004 8039
98238 98283
60278 60362
41500 41513
37229 37265
90440 90505
25122 25158
34815 34912
63484 63489
8020 8118
71446 71509
36419 36472
62903 62912
78232 78254
6677 6775
11007 11047
95955 96024
41362 41436
60130 60228
5384 5402
43496 43588
2184 2234
61728 61752
241 299
41137 41186
23126 23131
93730 93817
52822 52833
50575 50601
70557 70599
29540 29639
51419 51460
26005 26070
38183 38253
72942 73013
5860 5936
83805 83829
96561 96659
29228 29264
98911 98974
94900 94939
405 483
20679 20724
25985 26077
36601 36611
31577 31625
66117 66186
14571 14669
86782 86787
77676 77726
25104 25152
16271 16292
69561 69581
40189 40218
21273 21343
50639 50736
16827 16927
4727 4825
31315 31358
85353 85385
74898 74954
31760 31777
79670 79686
61702 61768
55766 55816
82822 82887
63000 63094
71717 71804
23694 23755
3167 3208
80373 80422
87993 88024
46263 46289
97933 97996
76162 76220
6482 6506
91489 91580
73607 73632
92778 92805
69429 69447
23755 23843
72978 73050
55007 55036
41406 41474
78009 78075
9492 9576
11035 11054
65133 65138
11816 11900
83034 83111
95132 95198
86624 86708
21376 21423
77787 77837
58371 58392
56705 56783
50309 50406
94594 94662
10521 10587
60040 60107
55527 55528
46881 46967
35143 35204
8334 8429
62563 62602
13419 13424
14436 14467
54714 54808
74599 74661
53750 53818
28645 28678
81984 82006
29620 29649
81665 81679
15742 15824
13599 13625
41718 41731
24202 24240
94969 95016
66046 66055
47740 47804
76511 76531
4331 4332
8117 8208
81889 81944
62215 62298
25825 25893
73414 73512
55204 55291
47878 47952
22710 22725
18016 18051
76954 77054
8687 8706
64342 64401
84414 84441
23949 24034
78324 78407
90607 90691
88127 88162
33350 33374
98995 99065
79752 79822
36193 36287
98943 98986
68964 69047
86545 86599
96800 96858
89436 89445
94733 94806
64974 65066
7633 7693
80622 80670
94288 94368
3781 3825
79818 79835
11997 12082
87957 88041
78158 78255
30600 30611
52779 52848
51406 51431
30071 30163
7226 7310
52597 52646
35629 35727
25464 25513
47501 47522
45903 45922
77867 77868
79263 79293
19506 19526
9438 9445
92262 92354
4897 4967
31227 31229
8477 8562
1193 1276
48422 48475
91307 91342
11501 11578
67817 67886
16997 17003
8522 8531
99170 99232
30003 30019
38053 38125
47964 48034
44309 44326
16778 16808
19246 19265
8335 8337
3613 3681
72544 72642
16930 16986
49135 49214
84265 84352
65472 65558
16324 16388
63070 63071
73751 73773
1487 1560
44120 44196
40945 41027
25990 26052
91614 91709
93735 93786
88278 88318
73379 73455
92865 92944
80961 81053
65774 65821
97671 97720
33452 33541
87952 88038
76371 76411
5370 5417
9348 9363
72116 72129
58370 58441
95627 95679
77967 77995
95565 95567
85429 85447
96727 96820
22489 22538
6918 6961
17144 17230
13597 13686
11922 12021
68839 68854
84092 84180
37621 37714
35851 35911
8624 8655
2997 3087
39780 39845
5030 5119
80097 80197
81698 81712
25730 25731
1813 1910
2561 2606
95367 95404
15166 15179
69723 69823
90600 90609
28677 28723
5234 5269
89691 89778
67429 67437
62665 62694
51063 51158
67584 67595
54196 54237
15621 15694
11207 11209
53997 54049
33041 33099
33112 33152
12904 12944
45057 45059
84548 84637
29477 29563
44933 45023
76143 76170
61152 61198
74713 74780
20684 20718
95404 95433
71597 71605
69967 70022
68639 68660
53411 53466
80570 80585
60533 60615
18255 18273
49922 50005
93082 93125
68516 68557
45695 45718
40941 41006
90966 91017
31602 31623
81929 81995
69059 69099
11125 11170
48232 48261
44473 44548
85451 85488
98025 98089
51756 51822
59811 59854
26548 26644
82641 82663
91373 91411
15770 15837
82222 82227
62175 62222
26016 26074
52794 52868
13459 13494
39102 39162
85901 85957
81053 81064
42644 42716
60794 60848
53954 53959
46864 46958
67712 67811
23652 23717
5648 5664
35608 35649
84409 84450
72260 72299
8719 8795
55624 55697
27540 27616
49654 49750
18064 18117
86616 86695
70033 70072
36478 36521
80277 80300
56471 56537
15906 15981
30425 30504
4239 4256
74293 74321
97462 97473
37089 37136
35946 36045
63786 63808
68022 68064
84275 84369
95148 95175
98523 98610
37741 37821
90819 90837
45790 45851
26619 26639
92871 92906
93503 93539
52119 52127
6142 6158
88410 88452
77469 77539
81027 81070
86133 86137
18786 18885
20121 20148
97984 98058
86290 86346
25359 25399
94255 94300
48275 48276
67273 67292
31919 31984
72999 73079
21734 21737
58124 58141
63461 63466
9301 9328
57088 57089
28299 28342
3846 3891
63132 63150
65246 65272
64216 64309
25642 25725
6370 6469
84526 84598
38898 38953
52391 52442
61742 61750
15744 15777
43619 43709
16452 16501
39204 39279
50334 50412
6583 6661
55054 55141
17867 17880
75007 75024
18836 18901
26674 26774
53016 53077
35603 35681
75989 76077
27271 27357
59190 59285
245 283
26405 26422
91231 91284
97561 97563
49309 49351
21604 21668
51580 51665
66620 66627
58168 58241
94170 94192
64523 64526
8160 8179
97331 97406
80519 80549
45598 45655
19983 20068
57778 57811
58274 58327
22224 22247
97978 97983
27903 27952
16312 16383
34334 34338
6612 6680
43736 43744
72937 72980
29240 29256
38911 38994
53702 53792
20144 20234
31168 31265
42619 42637
8586 8656
99205 99221
36964 37018
19111 19199
7635 7714
84334 84376
81915 81971
16484 16556
15382 15453
63240 63259
23785 23796
2529 2564
72358 72452
49495 49541
75452 75530
69163 69177
59139 59214
18231 18259
61314 61377
15092 15131
47529 47603
8493 8541
97991 98055
63297 63355
91876 91970
64945 65044
3937 4030
85131 85225
49655 49657
41569 41577
76663 76752
16065 16082
65976 65985
20523 20613
63231 63293
80501 80559
66221 66315
62206 62248
60702 60727
14284 14296
32761 32805
32818 32914
49245 49287
80232 80315
65465 65507
15621 15706
96516 96520
23487 23531
88491 88534
46907 46908
32796 32896
91697 91758
30782 30794
68580 68601
45600 45673
50585 50641
87105 87194
60179 60229
95265 95322
41671 41690
38546 38591
96351 96373
1273 1351
18108 18154
21892 21923
30128 30224
90498 90515
71391 71488
98565 98650
47328 47348
76006 76037
95060 95118
79094 79173
39938 39987
94952 95015
79413 79436
60270 60366
13850 13854
97301 97381
3249 3340
69654 69709
5793 5893
11311 11340
90953 91029
14974 15002
7028 7065
40868 40933
67555 67560
31998 32026
16282 16348
27726 27818
49273 49298
93627 93721
71065 71139
81128 81146
32582 32617
48829 48856
59440 59482
99646 99729
75280 75344
84043 84068
77441 77465
92705 92788
6109 6138
50998 51063
74768 74842
74641 74709
44110 44191
1579 1674
26950 27037
75910 75927
26168 26176
55030 55069
33472 33499
68849 68883
28106 28110
37167 37239
87444 87486
24938 24948
915 934
62632 62633
29550 29582
35975 36057
80186 80223
35844 35856
21256 21279
48698 48798
37098 37126
5477 5509
32547 32570
23571 23626
10024 10060
26907 26996
66628 66689
93137 93189
58269 58273
61515 61531
77146 77206
73285 73374
47890 47941
68757 68772
7097 7105
5801 5836
61240 61297
4436 4492
35238 35305
93592 93676
17494 17543
21593 21602
3927 3979
3492 3511
180 275
96330 96391
31405 31440
93666 93685
79893 79965
323 410
95358 95402
1588 1599
94150 94161
29445 29512
26285 26309
28101 28127
67119 67149
37729 37801
38644 38688
98091 98187
55723 55778
71589 71612
30700 30774
88467 88480
24824 24858
91506 91555
22325 22362
64309 64349
85989 86025
84942 85035
8102 8147
44832 44843
85308 85357
89309 89388
41708 41721
37404 37422
88337 88360
8025 8082
51833 51855
23255 23269
2393 2444
19287 19384
89735 89794
80895 80912
65157 65170
61362 61454
12730 12809
48078 48089
71771 71797
16034 16035
1038 1056
72541 72614
82726 82818
4940 5002
39372 39413
36918 37016
89961 90007
70780 70820
16845 16896
18810 18828
95389 95431
58013 58035
60898 60904
28988 29057
55880 55900
58674 58708
54570 54591
57938 57984
59685 59771
64427 64502
93118 93133
35561 35605
1890 1898
79185 79277
6759 6786
23286 23367
86484 86487
84726 84807
7655 7753
64893 64971
72113 72149
41542 41604
30209 30263
54806 54897
80281 80290
92623 92674
56268 56358
57693 57768
52931 52959
51879 51940
41350 41390
79912 79947
56244 56304
93100 93171
82708 82744
46229 46273
1065 1107
93165 93169
13423 13475
70219 70221
52725 52748
53871 53947
32486 32503
36563 36646
39261 39269
5012 5104
89841 89933
2150 2210
38979 39030
24375 24420
56574 56607
4687 4738
98754 98773
8132 8143
77215 77258
60492 60554
39498 39511
82840 82935
82741 82793
5006 5066
35004 35069
14709 14731
89471 89473
2419 2440
24363 24428
41744 41750
54951 54954
91980 91996
9786 9862
39557 39578
80815 80900
43417 43453
70177 70197
84016 84024
43298 43319
61399 61442
41201 41224
19490 19508
22361 22404
47432 47450
95924 95983
76106 76199
38017 38019
17901 17924
45149 45189
44728 44782
99170 99182
35626 35700
35530 35603
25964 26014
5678 5720
32762 32837
81725 81749
18518 18609
21838 21872
12466 12483
51936 52034
2543 2622
38582 38649
13090 13096
21270 21286
9731 9798
86807 86850
99240 99318
70861 70944
98470 98498
45152 45170
73387 73469
59218 59224
30436 30477
33165 33188
77971 78066
7414 7514
45343 45406
75313 75379
86499 86510
6976 7003
51263 51341
51488 51517
19445 19476
89982 90081
22804 22834
33730 33793
71141 71159
30577 30659
49048 49107
22163 22246
6793 6885
97791 97884
38857 38887
32084 32161
29227 29303
14845 14942
42176 42235
92521 92546
41305 41357
76594 76642
6128 6210
16988 17005
85430 85462
60674 60686
85025 85092
95101 95119
28291 28370
15106 15108
23520 23598
82381 82417
24049 24060
64680 64739
21273 21314
56342 56413
6412 6481
10605 10693
99215 99238
71742 71813
52421 52478
39289 39352
98571 98590
7646 7708
26990 27037
65431 65516
20203 20240
70181 70251
46602 46648
19476 19537
74782 74854
11423 11424
43785 43862
78325 78383
59654 59742
8445 8522
59406 59497
29118 29187
6045 6114
57893 57979
98208 98222
32926 32955
65082 65159
96896 96966
36388 36400
80230 80323
42800 42812
23968 23971
57028 57059
49594 49606
35969 36069
65826 65862
29850 29923
67180 67228
10489 10548
11933 12021
68536 68541
80055 80150
91749 91826
75530 75594
1690 1772
84138 84203
39277 39315
95678 95750
13843 13913
59567 59608
77976 77985
84865 84867
76298 76307
84036 84071
87796 87882
67790 67823
91401 91433
93957 93966
70811 70890
21206 21242
32611 32647
15384 15459
88933 89020
874 929
1013 1016
27346 27395
47340 47366
70081 70088
92625 92670
28489 28580
11469 11491
73411 73505
94749 94771
22622 22637
31317 31330
6788 6871
10726 10810
65465 65468
28252 28274
7650 7676
94084 94117
15231 15294
22464 22508
70849 70861
24362 24415
89797 89851
47272 47288
2807 2853
3274 3288
83009 83075
96346 96372
80053 80101
23455 23459
62463 62521
20040 20061
88413 88510
25644 25700
83107 83167
16286 16337
35724 35799
74758 74808
18468 18555
94465 94523
64781 64803
94608 94654
9551 9630
57552 57567
33395 33479
61484 61573
24232 24246
2453 2508
76243 76277
38310 38388
75029 75052
53783 53840
12536 12569
92394 92491
89671 89749
74435 74439
88936 88977
88657 88659
63423 63484
63083 63089
66055 66101
35083 35096
26174 26264
1291 1387
22600 22653
29591 29637
79758 79821
25622 25656
13295 13343
98811 98872
59904 59912
21565 21578
55027 55106
48542 48620
57835 57931
15571 15612
93389 93435
66557 66605
56752 56819
68764 68801
63512 63572
17570 17611
21774 21818
61025 61029
52901 52972
46631 46716
4447 4539
20505 20585
10777 10821
115 43
44373 44390
98063 98126
80695 80781
69278 69338
20647 20690
97842 97913
79443 79453
24697 24784
95906 95953
41693 41768
74452 74470
24033 24062
16810 16832
73680 73717
93924 94008
41777 41815
80363 80376
39824 39858
84456 84555
93298 93358
53061 53139
9459 9515
58426 58470
50903 50905
8121 8127
43665 43745
45895 45991
70799 70820
82671 82742
44877 44938
12783 12860
67405 67409
99278 99281
44446 44486
14297 14387
28112 28156
35731 35826
68640 68716
74728 74803
9203 9249
13333 13336
24719 24819
55205 55241
76981 76983
30843 30844
67212 67229
20224 20251
20003 20051
72127 72161
87247 87314
30327 30422
35941 35981
99390 99469
97356 97448
60904 60967
1286 1366
4389 4486
68369 68382
72847 72919
36243 36319
76964 77064
212 268
58261 58346
3935 3941
57112 57151
49325 49399
79081 79137
43405 43501
34373 34405
84797 84885
57464 57542
29428 29432
29123 29196
19646 19665
86371 86392
25920 25971
79668 79729
56706 56802
37630 37724
97208 97211
77566 77568
5739 5741
86613 86656
30613 30697
99006 99062
75787 75849
78066 78087
59154 59186
30800 30824
95968 96055
53185 53190
80841 80929
35174 35202
65082 65118
9148 9163
35090 35145
70594 70603
47556 47629
66568 66579
1675 1711
475 512
2427 2432
265 312
93174 93263
66815 66841
77013 77113
22174 22199
95669 95759
97907 97969
64172 64229
95576 95598
44042 44132
77259 77274
86740 86763
81224 81227
4 34
87600 87641
93127 93221
47604 47656
76560 76632
34 11
84513 84583
99492 99560
38304 38327
49273 49342
28260 28347
32518 32554
18608 18693
26347 26427
96731 96808
36739 36763
14525 14578
93226 93281
52946 53018
45878 45941
86591 86675
48834 48854
56854 56943
54277 54282
46255 46343
84111 84184
86734 86746
49720 49794
24130 24148
43460 43528
47008 47058
89622 89625
94747 94783
91767 91802
38267 38357
8466 8503
17430 17517
78936 78975
13852 13914
81888 81976
3 52
15818 15871
6101 6152
67791 67863
1 28
53288 53368
2 73
40063 40102
83866 83878
4 38
38187 38266
70690 70733
10572 10599
75859 75877