5
1084 26
41875 41943
84622 84704
86314 86361
48134 48154
30123 30216
13430 13440
55049 55079
47456 47483
84364 84455
50967 51002
12984 13053
7231 7291
13786 13826
21858 21873
52942 53025
92039 92065
56938 56983
82630 82668
63098 63116
55775 55824
94559 94628
32862 32870
47894 47899
73431 73490
40029 40066
43464 43485
86419 86441
82055 82122
74910 75010
6780 6808
366 368
70269 70363
14702 14782
18657 18736
35002 35014
30005 30032
70358 70383
81323 81336
58805 58889
62329 62363
38179 38235
40269 40283
34759 34782
19823 19859
57487 57584
61985 62051
47709 47747
41373 41423
85565 85655
3184 3231
17944 18040
55110 55155
15842 15912
81727 81803
63042 63116
23719 23785
47653 47744
92579 92607
30717 30728
86177 86220
84241 84328
59084 59171
84087 84124
81635 81711
70051 70080
30756 30759
26113 26152
39027 39086
40116 40210
91207 91275
50541 50576
42564 42614
52276 52293
52736 52807
68181 68273
43827 43919
42826 42852
4101 4172
64425 64493
27203 27280
3173 3178
55293 55323
53139 53177
57128 57219
65884 65929
48922 48944
64544 64642
65308 65327
94291 94307
31512 31535
72947 73025
18328 18393
26227 26290
93661 93709
26367 26398
27188 27287
69131 69231
21048 21110
73001 73046
53689 53718
7050 7132
6369 6445
42536 42609
73605 73640
80216 80294
58909 59000
28414 28503
31960 32020
75076 75160
67931 67948
71215 71247
49980 50046
7864 7884
596 643
47403 47417
65288 65380
63780 63795
54510 54566
6665 6750
27010 27023
83779 83791
61278 61291
73877 73964
21896 21898
90665 90693
80392 80484
77976 78068
310 379
96785 96866
95318 95329
85267 85270
78288 78309
34211 34240
22469 22548
84165 84234
95168 95190
56482 56500
51523 51600
63433 63441
81151 81169
32250 32316
60889 60901
29772 29786
3594 3686
35230 35273
40962 40966
16946 16981
74548 74609
95533 95631
79336 79433
1768 1811
36776 36791
50102 50198
48957 49041
83736 83788
84211 84311
79577 79580
61398 61436
38588 38592
79768 79823
1032 1051
21113 21148
2005 2072
52932 52991
58651 58668
45514 45612
48017 48082
89346 89377
5295 5372
80749 80788
28954 29051
51241 51249
47803 47849
26004 26069
23552 23629
81654 81689
12239 12246
19930 19971
1073 1145
2624 2682
60017 60077
52119 52140
97475 97553
33993 34002
41815 41848
27445 27536
14392 14434
29562 29614
56494 56526
41332 41385
85301 85304
54577 54586
2602 2615
15359 15405
88559 88617
35962 35973
98178 98216
95975 96024
27927 27943
46065 46070
82409 82508
58025 58071
45509 45539
22412 22451
87477 87548
68486 68583
29376 29465
89551 89643
2369 2422
47983 48064
86423 86470
41230 41302
51039 51091
3553 3651
51160 51171
29819 29872
48115 48181
23404 23488
61123 61164
98583 98584
89967 89995
69804 69853
6106 6193
65421 65478
52326 52395
40920 40926
67109 67124
56015 56057
34643 34711
95638 95665
67674 67742
65389 65412
76608 76614
52432 52452
30375 30431
40836 40877
12358 12380
32192 32225
35208 35282
88515 88607
28803 28846
20599 20669
64622 64700
3386 3427
45374 45454
22854 22874
94847 94884
84647 84697
98659 98661
86331 86354
79751 79800
69137 69180
55338 55431
88844 88856
51285 51335
34366 34374
30301 30339
34662 34705
90773 90799
93564 93603
50132 50158
93812 93867
91165 91239
18802 18839
36056 36136
75165 75235
58322 58344
92475 92504
16401 16413
25398 25482
22216 22275
11242 11256
91425 91522
82001 82030
74564 74628
12219 12249
1411 1441
28139 28146
56868 56946
94914 94976
98893 98897
8336 8390
92750 92828
17831 17867
77764 77804
83539 83566
94355 94361
63584 63621
55869 55941
3815 3856
57683 57709
15833 15922
88206 88218
49552 49585
27669 27701
39878 39961
65884 65910
39218 39296
69528 69573
61080 61151
10867 10907
5130 5145
36600 36613
25710 25792
96383 96395
55497 55526
97919 97932
47259 47319
51263 51339
16298 16365
82790 82864
40435 40530
58960 59006
43939 43943
35614 35656
48960 48993
82482 82563
92755 92827
17617 17636
98516 98577
83440 83526
5816 5893
42690 42737
70407 70463
71567 71663
97908 97928
80266 80306
83668 83677
63824 63866
59233 59235
51092 51119
76495 76580
39439 39502
98435 98463
3136 3145
58697 58702
33716 33810
77791 77823
52941 52994
4979 4982
22409 22433
83117 83144
86705 86778
89514 89521
43896 43900
8719 8801
91360 91362
89952 90012
11407 11505
77352 77450
72230 72231
17839 17907
85747 85752
90555 90643
63829 63919
21054 21095
97123 97166
47917 48011
26216 26259
68910 69002
88709 88726
53686 53733
91794 91814
27788 27851
25631 25680
79603 79655
74411 74505
44624 44649
32594 32612
27003 27027
60708 60798
58394 58434
62762 62819
72719 72807
74507 74549
36151 36243
23877 23941
58343 58411
54134 54189
85639 85722
53940 53948
8932 8977
20673 20690
36295 36326
54164 54208
34198 34243
23452 23477
8628 8718
88122 88177
84147 84170
21324 21404
76309 76313
39681 39768
17668 17759
24884 24912
80029 80115
27384 27443
84810 84890
41138 41179
40968 41021
55283 55286
52423 52485
80123 80161
84668 84722
1762 1780
29625 29674
91074 91168
19524 19557
1140 1172
26291 26310
14088 14097
44571 44592
84050 84145
44751 44814
65043 65066
54976 55049
35800 35822
26683 26721
99103 99180
1745 1758
19596 19621
82791 82867
91836 91916
24529 24588
88200 88276
46682 46725
9685 9710
71025 71112
88467 88514
4274 4369
74825 74923
90726 90772
11379 11470
69986 70067
81135 81181
76378 76467
2434 2521
54301 54365
7911 7933
8649 8679
63923 63957
59482 59518
93539 93607
24865 24885
43070 43115
41555 41589
39359 39420
80220 80266
37813 37862
65560 65563
84693 84742
81125 81134
96340 96413
67795 67861
91257 91258
77250 77329
3792 3892
84697 84714
81253 81347
1609 1708
83612 83646
9249 9297
47897 47961
91306 91401
90164 90170
65499 65514
88158 88196
74591 74680
96988 97042
51898 51966
37623 37692
83843 83859
46674 46731
17962 18042
99053 99080
13834 13872
41723 41762
43059 43087
47741 47833
89080 89141
82914 82943
8675 8702
24459 24556
96508 96588
2864 2916
46101 46112
14305 14319
28460 28476
7700 7791
16723 16822
28365 28447
12165 12180
68299 68314
77105 77201
1663 1687
46699 46703
23539 23540
14468 14513
73648 73667
70117 70213
6504 6589
66179 66261
6469 6517
21456 21477
9204 9272
39976 39978
23834 23930
52760 52794
23907 23987
46202 46292
85839 85927
37049 37126
16956 16985
71161 71205
94264 94336
48159 48203
91844 91883
57651 57691
51078 51086
45852 45886
31474 31554
30893 30927
13796 13856
78584 78646
75608 75662
30817 30868
26657 26742
55354 55364
41639 41733
38973 39062
82510 82549
24107 24200
4833 4865
79375 79388
86708 86741
438 477
86420 86490
93956 93970
64855 64944
88697 88771
62112 62192
37789 37807
87175 87201
92806 92899
36096 36120
22884 22940
73153 73183
49436 49450
4493 4541
98896 98918
66986 67047
24778 24833
82590 82619
74922 74979
476 488
1852 1862
55784 55811
80602 80696
80512 80534
73285 73336
10573 10605
78915 79012
30204 30283
88752 88825
88733 88782
14905 14994
94329 94401
80235 80262
56148 56201
21429 21447
88323 88342
59728 59803
68404 68473
86450 86499
61300 61377
35264 35361
69158 69175
36371 36376
96254 96272
49049 49064
43891 43923
58160 58214
95434 95445
73188 73261
42133 42205
49279 49283
41165 41193
59791 59797
25007 25070
92171 92212
25124 25193
88898 88954
27791 27866
1627 1645
57082 57106
15402 15434
11009 11066
51570 51649
77842 77931
7915 7993
73721 73734
32035 32079
4405 4415
95130 95175
51581 51589
52238 52260
40397 40418
48624 48659
37712 37780
64006 64097
59772 59776
9628 9649
49064 49124
6425 6429
68819 68915
68385 68480
65188 65194
56156 56245
76096 76161
22185 22207
41353 41386
66859 66959
26887 26951
47823 47867
89080 89134
70145 70221
95862 95926
81475 81482
89623 89629
78629 78648
86211 86294
17826 17860
28850 28891
98427 98477
29320 29324
9559 9594
92057 92062
87248 87265
67921 68011
28220 28288
27030 27089
67916 67925
64850 64926
63871 63879
45964 46020
42548 42623
94665 94730
61413 61479
21775 21779
53402 53465
33672 33727
82015 82080
84823 84843
29656 29658
80617 80637
50581 50657
71353 71441
81849 81918
54991 55018
87348 87387
37022 37094
69539 69543
65901 65951
38676 38702
2406 2433
8477 8532
3850 3862
72215 72227
81260 81303
49032 49050
52275 52323
37377 37402
86185 86251
96079 96102
19063 19078
84687 84726
96064 96156
30528 30536
11607 11649
60637 60722
50525 50601
25537 25571
53655 53663
30955 31027
55899 55930
63785 63817
28424 28501
42435 42525
27938 27974
34550 34628
33476 33536
14536 14559
8601 8606
29360 29373
91591 91600
87160 87246
48232 48306
35783 35826
44972 45026
6645 6709
45123 45148
83447 83477
10128 10216
75822 75875
68876 68890
25275 25291
15800 15845
73626 73646
93427 93489
72689 72757
99034 99112
18999 19042
41484 41486
80232 80260
80365 80391
30229 30267
84302 84369
29295 29381
48363 48437
96383 96407
22323 22375
17368 17435
34837 34865
46232 46330
67986 68079
38576 38621
69957 69976
13445 13517
19271 19347
12323 12373
57162 57238
38734 38806
9143 9162
69948 69968
60740 60817
84996 85069
39860 39923
32890 32918
25538 25561
64993 65079
66541 66632
29258 29300
60910 60972
94593 94631
57766 57832
1421 1446
72569 72602
1207 1244
90147 90164
63204 63268
75388 75394
2650 2723
23833 23919
34779 34865
40797 40865
69151 69204
72365 72401
12710 12779
20305 20320
84121 84174
48924 48925
44547 44645
96403 96424
33786 33844
11192 11234
41081 41135
12610 12611
95749 95774
79844 79866
73581 73622
83151 83170
84051 84064
12703 12711
35191 35263
51596 51687
78820 78918
3709 3757
50534 50612
5551 5616
3153 3251
32300 32364
40288 40379
29936 29969
83780 83837
20787 20857
25332 25395
86987 87048
7043 7063
14325 14330
63257 63290
64158 64213
42382 42405
61345 61346
25604 25696
22363 22450
42616 42637
67044 67089
30605 30628
3925 3969
7631 7716
32535 32603
14306 14339
48194 48210
37271 37352
56037 56042
9543 9622
34278 34290
92796 92846
59142 59197
89923 89971
27210 27297
95291 95362
99294 99313
5753 5771
63341 63437
52155 52213
88075 88139
89890 89894
14928 15011
24212 24262
46426 46516
7923 7962
97562 97574
75601 75631
16408 16488
56131 56227
81096 81137
9561 9620
30188 30272
76598 76647
99793 99817
30832 30873
32146 32244
4958 4997
63078 63136
375 455
33908 33991
29892 29970
24853 24917
13731 13743
42613 42654
97250 97348
76466 76558
64503 64586
62001 62084
24975 25023
96285 96306
44764 44855
96838 96880
23603 23691
4020 4021
99872 99887
21732 21759
23888 23964
88165 88233
84355 84429
95738 95757
86307 86350
46538 46610
35682 35718
18984 19069
46861 46896
9625 9639
45983 45988
49447 49505
3071 3096
68823 68895
5552 5610
33538 33596
93966 93974
43285 43332
61236 61265
36834 36839
95567 95632
47595 47659
67529 67536
45737 45770
50267 50351
8068 8118
13340 13433
65098 65180
51301 51302
63152 63191
19453 19475
87682 87720
78867 78930
84391 84430
23726 23823
16267 16342
15538 15591
35903 35908
10391 10470
97893 97930
33578 33594
72942 73005
44831 44851
92348 92353
34067 34087
98005 98040
35571 35625
47186 47242
32264 32293
28506 28542
43983 44059
42493 42544
58220 58310
67958 67960
94935 94984
51678 51693
78815 78819
68881 68974
22571 22616
42437 42486
48253 48296
40817 40911
30203 30277
12065 12107
94956 94996
52308 52340
56596 56652
34929 34968
78064 78094
72175 72265
29056 29103
44839 44846
14017 14110
41296 41317
8065 8159
38934 39009
69363 69444
41703 41764
20376 20469
88306 88336
81398 81450
74545 74615
56452 56520
76852 76866
18064 18156
96052 96055
66053 66057
83400 83465
36109 36174
7486 7583
37891 37968
73059 73080
67266 67325
79049 79055
60777 60833
72816 72901
84759 84811
89109 89172
68700 68760
52602 52666
7372 7411
44775 44799
67902 67926
59170 59211
4277 4370
74630 74723
36957 37022
36864 36905
88328 88366
627 662
48939 48968
52167 52256
31449 31542
27 69
71517 71518
28116 28212
7981 8009
8817 8846
40261 40313
24268 24292
70212 70272
61324 61379
67486 67489
50491 50542
31956 31984
47203 47258
45314 45321
6837 6923
12760 12848
1876 1928
36975 36985
47406 47430
71389 71444
55405 55446
68064 68147
25255 25262
43524 43545
19707 19799
24993 25000
69330 69388
98237 98336
23779 23827
99391 99416
55378 55383
23336 23360
70443 70461
42499 42506
17368 17386
14246 14255
78656 78661
62893 62957
43284 43318
98606 98660
51340 51408
66321 66407
28688 28785
97761 97766
64378 64458
95784 95812
83643 83705
69705 69706
21526 21596
79185 79186
3010 3045
61700 61756
63135 63144
85676 85744
65301 65327
23587 23686
4080 4118
3822 3887
66922 66948
66036 66041
91511 91585
10624 10723
25781 25784
13060 13086
77548 77554
4711 4752
66475 66515
59658 59743
20441 20475
45239 45265
72622 72626
3032 3130
90168 90231
86068 86085
90001 90041
34543 34551
51711 51752
53955 53984
511 543
34340 34386
29376 29471
42733 42830
59672 59742
57179 57223
81642 81742
96187 96200
51437 51470
59631 59642
11665 11689
54127 54132
42638 42669
41207 41214
21591 21613
82389 82454
5017 5093
54738 54786
15423 15477
32665 32706
9248 9249
54615 54683
59752 59815
45749 45767
40884 40892
13582 13682
96904 96986
74612 74681
77866 77890
98953 98961
59279 59365
98324 98420
86577 86627
24755 24830
39706 39742
72185 72209
30477 30565
59196 59296
93634 93655
95293 95357
218 51
27729 27766
75072 75075
55015 55056
69252 69298
29187 29270
29932 30029
87556 87609
37459 37494
92619 92709
46736 46754
83059 83136
38449 38464
67585 67659
7850 7928
29513 29607
90352 90385
65721 65745
353 411
3528 3554
32550 32623
4776 4860
81745 81799
93235 93294
84541 84543
37843 37921
14937 14945
97492 97514
76773 76789
3174 3267
22361 22381
49714 49778
25819 25905
79560 79573
86266 86337
88573 88615
53132 53142
45782 45867
36179 36270
77957 78045
94087 94126
81379 81433
77664 77682
15012 15105
3267 3310
7795 7831
53734 53765
47426 47505
3447 3530
2633 2689
73135 73211
19627 19682
61809 61902
87736 87820
86742 86802
55328 55388
36295 36301
87968 88022
51148 51175
86045 86101
64689 64760
5480 5488
3987 3999
61975 62042
15222 15232
62198 62202
66249 66336
57322 57374
30071 30083
84491 84526
73158 73228
99469 99566
78421 78491
70509 70583
97652 97666
4030 4098
82861 82892
48355 48389
6721 6792
89605 89691
38104 38173
19179 19209
64214 64239
42900 42947
66045 66140
40796 40842
20610 20628
89103 89126
65072 65117
42460 42559
94406 94503
39743 39770
83397 83415
94008 94035
70355 70389
90028 90051
13307 13317
93633 93640
16535 16573
31565 31597
79538 79577
46849 46882
81328 81349
9699 9780
91062 91144
65642 65710
30875 30908
32717 32810
20300 20387
71004 71065
34451 34524
7151 7187
71495 71559
40541 40619
94935 94981
59917 59921
19116 19150
72324 72351
33387 33486
53781 53864
69182 69246
78856 78877
24781 24856
63686 63769
26536 26589
79340 79435
3566 3661
15897 15924
8837 8909
29795 29808
12617 12717
31324 31347
25275 25372
50061 50159
69911 69988
40448 40452
19109 19207
57227 57244
16891 16939
84843 84873
61519 61593
90046 90087
20097 20102
2731 2803
51924 52011
26056 26078
86195 86278
84628 84685
11533 11628
2214 2314
97835 97898
57620 57691
23486 23487
15711 15800
36507 36517
65696 65697
73642 73742
39863 39931
35124 35152
27583 27589
58850 58868
33403 33487
51639 51682
95195 95278
48211 48300
33861 33928
85893 85939
56496 56541
44987 45012
83235 83296
27834 27871
84686 84740
17173 17210
20186 20236
89826 89892
72399 72486
59822 59869
11395 11438
69205 69260
47462 47483
74204 74258
88053 88071
71321 71371
8457 8479
59670 59760
23602 23603
54391 54397
80998 81034
18079 18134
17226 17301
43372 43466
2551 2596
33040 33132
75758 75779
39110 39181
94541 94542
10909 10952
47251 47305
91747 91791
32268 32365
33230 33280
35697 35699
46181 46217
78593 78670
84464 84496
41162 41202
25109 25179
24267 24366
65395 65494
58610 58671
79604 79701
60651 60734
58890 58958
17045 17052
85818 85883
63611 63649
83502 83515
51694 51771
4269 4335
579 99
93576 93617
70243 70286
60954 61027
91819 91897
82546 82612
9271 9318
50263 50354
82500 82561
23033 23040
92606 92678
15381 15415
48812 48906
91011 91074
15578 15584
4175 4230
40559 40636
91477 91543
3521 3523
20064 20142
55472 55567
14116 14211
44258 44333
60473 60483
11640 11667
60224 60255
73513 73596
78588 78608
12979 12995
61206 61305
92553 92582
38369 38438
96086 96150
79675 79681
13137 13180
4550 4573
40047 40099
28920 28921
17483 17569
69202 69230
50494 50523
7865 7950
3465 3512
33151 33187
38999 39017
22922 22990
65239 65259
95660 95722
12254 12285
62046 62089
17573 17608
19872 19873
84690 84779
55708 55721
59761 59793
29528 29611
7119 7165
20581 20582
75108 75114
77198 77220
20431 20445
61913 61995
87987 88055
34876 34929
12887 12974
16260 16263
66750 66808
24745 24833
76411 76478
83070 83126
14821 14858
25154 25195
51447 51472
55422 55517
64928 64970
49617 49669
76980 77038
52550 52598
66614 66616
67651 67677
60559 60610
78661 78738
5984 6064
17488 17490
42305 42310
90241 90246
18968 19068
89490 89512
9177 9222
86007 86064
80727 80822
16646 16745
99361 99439
98900 98941
31924 31955
93392 93463
65213 65253
29070 29137
81332 81370
37486 37515
79634 79654
98282 98372
37653 37750
75088 75121
99037 99043
27499 27556
33900 33906
95894 95895
25470 25567
74100 74121
24178 24183
19689 19735
53047 53132
84561 84598
94466 94546
67796 67817
49177 49215
50486 50578
58906 59005
64894 64909
72554 72598
44927 45014
33242 33262
23487 23531
83215 83302
35207 35240
54066 54088
46429 46469
43240 43335
40407 40474
51345 51392
37729 37793
98839 98854
91110 91146
56313 56369
68662 68753
93245 93292
31687 31778
20873 20959
14193 14242
7323 7330
40239 40319
68053 68135
36602 36695
5681 5726
823 891
30382 30476
55363 55446
27231 27260
2798 2801
19964 19989
49079 49111
78699 78712
86977 87061
20261 20303
62844 62848
87541 87584
63016 63027
66854 66898
88957 88986
69702 69802
23803 23899
49418 49466
70349 70430
37852 37933
35487 35565
27812 27816
48459 48501
2983 3054
1631 1649
69531 69546
78389 78484
61560 61625
22567 22578
15428 15505
9171 9210
28329 28400
94860 94873
32507 32587
80884 80961
13837 13850
68512 68569
53044 53084
81634 81645
40745 40778
80462 80491
53894 53964
65 153
58601 58609
40793 40873
90809 90813
32480 32499
70841 70934
4465 4520
45616 45703
94173 94224
20203 20228
80676 80736
80309 80320
37490 37560
11838 11839
20725 20817
12283 12333
29034 29108
50535 50620
52108 52207
56966 57012
7423 7516
65203 65206
66334 66345
60748 60841
53007 53035
10217 10286
38275 38363
90268 90308
5926 5981
34990 35066
24325 24390
69166 69228
62750 62787
32094 32184
49594 49601
69611 69633
58804 58882
26561 26616
69911 69958
29349 29367
80148 80169
57161 57196
56499 56508
2489 2549
61228 61302
17445 17464
41257 41326
38232 38297
34222 34308
37588 37683
14553 14604
72146 72165
24228 24278
50464 50476
76541 76560
65968 66002
70407 70443
62738 62755
35872 35913
95083 95137
93109 93137
93585 93671
18384 18483
35439 35514
57374 57446
43026 43049
64770 64781
94800 94890
16505 16533
80497 80581
99324 99379
43534 43614
96753 96795
54803 54812
59855 59878
93719 93784
52057 52069
92685 92755
36453 36463
72158 72206
16527 16554
82800 82871
75241 75334
391 458
46469 46543
39385 39419
60035 60106
87432 87439
19838 19881
45464 45515
39985 40045
66006 66076
47516 47573
902 938
32993 33091
25756 25835
87393 87445
53517 53556
10119 10162
33800 33881
28769 28777
9238 9323
3923 3978
73650 73668
29814 29837
44048 44055
61608 61676
642 716
49237 49326
4238 4258
84480 84545
75528 75568
53793 53843
88020 88080
48581 48661
36032 36116
35842 35894
14729 14797
15487 15553
78647 78728
11754 11796
84813 84857
80394 80405
77492 77517
74781 74783
99305 99308
65380 65382
82057 82145
29254 29287
39172 39231
77858 77905
25211 25309
74863 74875
16185 16192
48060 48098
12089 12124
99290 99389
92555 92647
16083 16154
50022 50087
25942 26016
69929 69978
75117 75173
45053 45141
19830 19890
94406 94442
72701 72720
48939 48984
89773 89783
97497 97568
31681 31763
47406 47427
34439 34475
8672 8698
66480 66536
35421 35508
29064 29160
42335 42347
38115 38186
87593 87675
90546 90639
26625 26657
61558 61581
82105 82181
10852 10899
21867 21875
73039 73076
75279 75347
28946 28960
37798 37808
70807 70839
33122 33163
78177 78240
84464 84530
59875 59912
21907 21947
80975 81032
82019 82077
37160 37238
88586 88656
66276 66364
29363 29366
2287 2322
8132 8224
51963 52059
82342 82364
12251 12279
69620 69621
60363 60438
63396 63459
37358 37417
74051 74058
26868 26911
73711 73727
14357 14436
87 177
33065 33123
60955 61023
96252 96265
67122 67201
18123 18180
97989 98016
74594 74599
8890 8895
20123 20134
77364 77451
11897 11993
4457 4541
97544 97596
57905 57974
67222 67294
57885 57973
21682 21696
72483 72512
4111 4129
31691 31779
20299 20354
43546 43608
20779 20827
9684 9723
43474 43482
26192 26268
1648 1721
41723 41813
85865 85910
35562 35579
81673 81674
97536 97591
51306 51371
2935 2999
56255 56272
26508 26552
30665 30744
41438 41472
75371 75446
29430 29486
31874 31942
40248 40297
48291 48301
5471 5567
11151 11213
95799 95842
25181 25241
33793 33884
29252 29290
2531 2598
6261 6271
85313 85361
92456 92475
87374 87399
87890 87921
40385 40473
45695 45743
15073 15103
38239 38309
50085 50124
66957 67008
15072 15151
72828 72876
941 944
38566 38631
11414 11460
91008 91086
56304 56385
63134 63195
93987 94035
14147 14198
66530 66586
15642 15707
74696 74714
95854 95931
63053 63067
81495 81573
32893 32897
87106 87186
88899 88982
88785 88849
16900 16990
43483 43562
71892 71980
67349 67384
17629 17707
86703 86752
13262 13326
99592 99691
83550 83562
48886 48900
26699 26751
88829 88916
35932 35949
7332 7390
13376 13378
74662 74727
44316 44392
30205 30278
61890 61974
34355 34402
64783 64806
19473 19541
45662 45760
69859 69944
54460 54474
73982 74007
63994 64023
64001 64099
38942 38963
60499 60578
37023 37122
9309 9375
13051 13061
61993 61995
46953 47014
22579 22583
78975 79025
16886 16904
71747 71814
7903 7974
33752 33769
26437 26509
51582 51682
32465 32524
11662 11672
7687 7772
54892 54939
88255 88315
83046 83070
91154 91173
81277 81318
63526 63580
59882 59981
70323 70418
26965 26981
25540 25638
20991 21082
1281 1313
51010 51043
51227 51277
18907 19007
1696 1787
21782 21836
49123 49145
86791 86890
7107 7206
31521 31581
21158 21231
39001 39017
24862 24934
89818 89886
67755 67845
27059 27144
97357 97363
63015 63053
94876 94967
33987 34058
99896 99897
34015 34028
71132 71218
98640 98677
93365 93425
9697 9783
62164 62170
13798 13864
39255 39336
90245 90316
63294 63316
29671 29691
5605 5694
13615 13700
48136 48184
93377 93423
87138 87228
34312 34374
19622 19675
30366 30439
6980 7074
67708 67760
81494 81521
69549 69570
56373 56380
68721 68780
42915 43013
60643 60720
15659 15747
80156 80219
22288 22327
85036 85087
41478 41512
48919 49000
71298 71320
4188 4216
55459 55462
82955 83044
44285 44316
56 31
18846 18936
75915 75924
78931 78962
13948 13962
16789 16838
1644 1736
35326 35392
91569 91575
9269 9330
72870 72945
31425 31491
96137 96211
84184 84204
66792 66832
14066 14117
15417 15457
23999 24096
36723 36755
42019 42023
9354 9453
33904 34001
69775 69787
81933 81996
28167 28195
21567 21592
19745 19780
25211 25287
60953 61039
80248 80255
3349 3434
39256 39306
89719 89752
20497 20576
52724 52726
40084 40108
37327 37356
11424 11498
20427 20481
88952 89042
47654 47660
58098 58192
96443 96457
96969 97000
16670 16760
80300 80330
38212 38218
47800 47900
59038 59116
25065 25112
74245 74337
93949 93984
95218 95268
3314 3397
51547 51624
305 345
39966 40044
63 6
38778 38779
30998 31017
83743 83841
35440 35526
99519 99579
68674 68683
13053 13085
92677 92775
91791 91833
62488 62575
98815 98820
5025 5110
2618 2688
42622 42691
29778 29824
10982 10989
56403 56457
60785 60817
95663 95686
47473 47511
64303 64335
80377 80444
28998 29008
22621 22676
86870 86933
31133 31198
75581 75608
78856 78941
35292 35299
52544 52615
43208 43232
11161 11183
6949 6962
97592 97670
8827 8917
14270 14291
44402 44470
92857 92926
39232 39270
83255 83329
98333 98417
53498 53597
29849 29865
99009 99049
26676 26775
26338 26406
35059 35146
38749 38750
84492 84571
81897 81969
4480 4510
6336 6347
87364 87426
73989 74028
5774 5819
61502 61543
96678 96696
9951 10016
12560 12587
81523 81551
83953 84002
41776 41859
44616 44632