7
1805 787
6240 6600
44120 44244
99183 99632
77803 78484
85502 85551
23631 24128
37653 37861
43532 43620
8351 8428
993 1802
42012 42982
4402 5230
20255 21206
23541 24344
53288 53582
12493 13408
1732 1737
4835 5681
12870 13519
28522 28959
84992 85185
18701 18725
25665 26342
83846 84498
14174 14746
89236 89497
46450 46894
32799 33606
3701 3889
88203 88353
22364 23189
31567 32132
66066 66604
64768 65125
28167 28955
53050 53556
49234 50057
13613 14575
88243 89048
28230 28540
74813 74831
2733 3163
15831 16730
6702 7040
99488 100400
84559 84991
41674 41970
81262 82167
18255 18808
5712 6619
5200 5295
15687 16175
57663 58441
69269 69667
20502 21381
21539 22476
69826 70236
77312 78275
6963 7326
18921 19700
67300 67720
24972 25204
63290 63315
92905 92996
83995 84203
34834 35486
92238 93023
40826 41387
80821 80953
70597 71462
99520 100491
7678 7906
30977 31017
84413 85365
59672 60609
5040 5050
90522 90982
75778 76100
26324 26787
68880 69330
28230 29113
73196 73413
16393 17261
34978 35931
80987 81916
87865 88682
48152 48933
50422 50555
79019 79470
76120 76519
87136 87519
30445 31024
55287 55745
41555 42252
92725 93374
12156 13057
91687 91761
3416 4114
24397 24421
61612 61912
71300 71744
82465 83117
63754 64075
21427 21872
65698 65983
15445 16178
80994 81290
67491 68284
18929 19520
26242 26952
42418 42694
97062 97174
29018 29926
31960 31989
9810 9832
98702 99374
17675 18475
97877 98467
84620 84992
89737 90630
26398 27030
82543 83432
48747 49674
65991 66829
46737 47619
63556 64034
85686 86100
3064 3974
14462 15322
2126 2245
78599 79580
25984 26958
64828 65797
28450 29203
22091 23061
98668 99449
35339 36171
82854 83238
66269 66545
43279 43497
78497 79122
78361 78903
18633 18757
33174 34070
55377 56284
2097 3052
25066 25943
26600 27024
95632 96005
16841 16948
95756 96158
21490 21715
71584 72427
62234 63087
69707 69992
58733 59007
50224 50553
47506 47689
67018 67866
1021 1477
35978 36395
42760 43489
79851 79901
61511 62369
34711 35417
13950 14713
18818 19395
88998 89237
18846 19380
95106 95184
32274 32875
36186 36554
55020 55548
46772 47728
2805 3128
83025 83715
37102 37707
38965 39454
1852 2557
87465 88207
46546 46614
93140 94112
92490 92631
80739 81050
9407 9760
16738 16852
13531 14480
93189 93575
58304 59080
70807 71317
89783 90657
4741 5736
56946 57383
32006 33006
3560 4557
57706 58395
11040 11757
3123 3881
8360 8833
83797 84495
11276 12234
52937 52943
2190 2370
74813 75505
83613 83979
98480 99431
15238 15406
71346 71778
20414 21309
77548 77813
466 989
67988 68908
81144 82099
66863 66895
63346 63783
96518 96635
56171 56507
34282 34747
41636 42030
331 594
27234 28067
39769 40153
81510 82153
85436 86431
35395 36076
93838 94324
93030 93864
546 903
20485 21369
19962 20559
4476 5390
90037 90420
93473 94260
91109 91798
81595 82063
52708 52840
25921 26782
23194 23908
96353 97208
74070 74135
82738 82779
60917 61164
36169 36771
93228 93247
31071 31421
22548 22737
61348 61603
33493 34380
48540 49057
95436 95593
1158 1476
73485 73861
59789 60368
53641 53923
14043 14794
31297 32262
11426 11578
89410 89607
67867 67980
29047 29836
65895 66692
51651 51875
94551 95000
79535 79681
77136 77816
22822 22982
3218 3839
55744 56112
73684 74179
46843 47292
55300 55573
52925 53919
52635 53546
18546 18784
22910 23819
88716 89468
84363 85360
18079 18183
84355 84485
68973 69232
36218 36226
43458 44163
9169 9685
21561 22472
13676 13852
89932 90503
74691 75476
31927 32690
41045 41260
47476 48311
24159 24376
76011 76039
46120 46619
17627 17794
10664 11065
55237 55988
95040 95802
93381 93842
84568 84987
81246 82080
88345 88367
68465 69329
37821 37911
43838 44662
20778 21556
15649 16201
25468 25682
36461 36773
69548 70322
65601 65611
4967 5328
83460 83900
27566 27813
43221 44083
81829 82194
29810 30371
83009 83640
9229 9570
18679 19314
69053 69910
5677 6585
93236 93297
27631 28225
75365 75605
31698 32404
23911 24652
77738 77968
35997 36795
93038 93731
6431 6837
55886 55942
14307 15130
56334 56872
29013 29782
26034 26467
93823 94603
68181 68393
42716 42807
21152 21215
92360 92520
66204 67098
67502 67657
19707 19796
10553 10862
62787 63094
7272 7482
50267 50320
71725 72554
591 808
25253 25397
26740 27335
96762 96804
23217 23458
27785 28024
41036 41852
85043 85114
88928 88984
22178 22370
65239 65539
11876 12582
84026 84636
87353 87717
11840 12157
66288 67131
94519 95131
75627 75862
44935 45346
41670 42206
56868 57072
64899 65157
4620 4989
44892 45119
3689 4125
86728 86920
58568 58622
32061 32717
24983 25650
90025 90360
76365 76835
13659 14420
48748 49531
38815 39077
36762 37557
190 1168
20746 21087
57055 57521
55559 56194
46458 46956
51165 51203
79234 79799
92187 92827
42401 42452
6159 6264
33596 33609
92227 92871
72236 72374
571 1491
13309 14203
77715 78143
3611 3878
6311 7028
26764 26955
62854 63583
35433 36210
1587 2341
21652 22412
31634 32596
7819 8754
94247 94426
83121 83268
34140 34620
27117 28054
15908 16899
44087 44361
3341 3480
97867 98366
62066 62385
47008 47923
30585 31263
99881 99992
96625 97469
38394 39111
70535 70718
2167 2618
78656 79229
67469 67911
56044 56855
10438 11009
9901 10724
82575 82751
93195 93746
27622 27750
99333 100274
87397 87747
58924 59347
55818 56382
24387 25377
33966 34193
75151 75434
36247 36576
78461 79125
66510 67089
73664 74137
47517 48336
60914 61011
20384 21330
63919 64229
72975 73150
31648 31830
98998 99392
39071 39249
30310 31140
96390 96885
5005 5852
81702 81840
40529 41215
80260 81021
86889 87164
72097 72629
69022 69405
16391 16938
28083 28115
31216 31641
56411 56757
52802 53415
49547 49592
75664 76598
5824 6243
10327 10730
50391 51276
11869 11875
60784 60888
52610 53312
42312 42489
10949 11636
79971 80194
47857 48688
99793 100642
15891 15921
82996 83746
60031 60769
14908 15662
85155 85541
9781 10484
19139 19331
57945 58874
81282 81645
4709 4885
94564 95034
59298 60074
19471 19788
76104 76251
83615 84584
75938 76757
23148 23658
48878 49729
44383 44420
31305 32184
39651 40167
36667 37313
52187 52539
27552 28081
71178 72040
9507 9897
40037 40894
60019 60066
89567 89715
62914 63864
86335 86364
88972 89902
33257 33493
19910 19992
24991 25525
81073 81813
28788 28852
96230 96862
88542 89526
76913 77207
77535 78463
13687 14224
61207 61840
56781 56848
26322 27140
44193 44657
71242 71922
92723 92934
43423 44194
31412 32150
22400 23048
11271 12204
57869 58413
44485 45350
60234 61186
72929 73070
69933 70203
38979 39637
47378 47392
35009 35356
98153 98831
89742 89921
76844 77226
56181 56645
84313 85202
2717 3138
87399 87621
34238 34752
35512 35979
70852 71042
6184 6285
23267 24182
89286 89854
42606 43153
24786 25163
22603 22605
26988 27735
958 1413
40115 40492
68643 68686
23760 23932
80260 81155
5602 6074
85248 85950
9377 10018
33015 33921
6633 7482
40198 40896
62036 62987
39628 40576
34789 35409
97978 98292
94176 94353
9167 9279
10948 11531
77220 77561
6456 6583
22430 22754
9427 9967
40399 41020
15020 15561
39022 39703
4879 5107
65715 65744
33561 33661
97953 98605
18554 19049
53249 54080
79092 79558
26117 26326
16961 16989
85997 86410
84273 85183
80451 80842
84027 84297
20217 20940
18176 18880
27404 28047
98902 99118
4207 4248
58920 59258
40289 40771
61903 62617
76401 77138
60340 60425
18174 18789
72131 72232
42493 43225
56895 57629
86554 87281
48530 48960
26740 26755
8732 9022
92977 93975
53162 53907
61591 62454
4369 4887
20061 20921
50216 50773
22145 22917
4249 5242
7058 7908
3398 3447
11305 12227
33307 33881
55762 56001
3852 3894
28274 28487
70654 71091
27686 28349
41790 42329
64041 64620
69898 70381
4350 5217
42424 43014
49631 50601
32863 33033
85695 86637
56479 57236
75442 75600
71787 72553
29838 30179
6498 7257
7140 7269
80288 80998
25199 25204
14188 14363
60100 60751
6189 7003
27038 27864
43965 44415
58552 59448
40653 41646
63974 64475
70800 70917
4518 5116
97689 97950
4468 5039
28826 29725
72553 72965
23795 24523
82767 82943
20428 21051
39522 39655
59868 60682
36495 37247
31651 32637
64623 64753
1003 1013
25362 25601
94977 95393
81906 82850
74007 74461
72916 73881
65532 65669
83389 83936
18362 18394
64951 65461
46899 47048
44744 45540
98055 98738
42597 43056
20351 20792
64663 64987
64260 64338
95562 95892
61010 61402
59534 60186
14765 15517
88453 88672
32765 33141
75290 76211
40941 41257
89064 89268
87590 88183
56402 56796
17206 17519
68504 68544
48968 49173
41642 41710
50415 50922
59023 59703
67027 67764
84238 85050
4952 5557
55248 55665
51493 51955
74193 74814
51800 52459
76330 77005
93867 94128
43125 44062
81564 81804
16242 16952
97021 97469
75816 76398
49180 49872
72805 73769
47508 48284
94732 94973
23567 23580
70384 70664
93044 93707
83543 83639
31054 31825
19507 19853
9390 10078
6010 6806
26186 26887
3666 4623
15120 15443
22978 23671
61303 61543
34128 34572
22049 22856
70759 71228
2403 3260
45680 45759
13923 14004
25529 26056
26366 26971
54979 55129
47526 48181
57343 57880
81634 82090
19860 20238
30974 31695
11596 12050
25803 26649
5419 5949
67574 68129
87263 87509
78356 78433
78776 79433
31650 32155
73384 73385
98273 98809
95665 96271
38612 38960
50367 50779
83345 83983
78730 78873
25639 26428
91438 91483
5660 6055
49184 49948
88733 89716
79756 79910
8569 8726
4182 5090
34666 35597
86986 87608
27447 28247
99337 99797
43075 43395
85436 86101
32376 33115
32642 33115
26565 26865
55930 56624
58701 59504
38318 38352
22977 23417
66547 66846
39972 40959
67965 68309
20704 21084
12897 12939
37024 37051
14304 15014
78535 79508
81709 82681
84888 85397
4577 4662
90308 91240
61336 62008
87389 88254
53413 53639
10790 11559
95125 95692
67609 68598
4764 4968
29844 30644
23689 24087
83795 83956
38695 39204
3316 3346
63469 63535
63014 63641
87542 88321
32562 33178
20927 21085
94351 94381
52680 53223
91476 92426
10060 10852
5862 6484
57807 58412
21272 21694
99200 100010
99019 99503
59290 60278
74100 74781
43254 43953
73768 73940
91330 91484
28404 28808
11892 12397
24281 24404
3658 4566
36275 36481
279 544
17118 17979
94661 95179
82758 83401
16097 16672
79630 80452
2160 2822
43521 43631
72771 73517
346 974
44860 45582
88811 89023
9358 9696
40853 41688
85338 86132
49629 49897
26956 27480
59316 59647
69754 70309
29189 29368
8583 8856
2577 3325
57367 58308
32239 32322
87243 87770
55012 55265
77967 78944
95101 95461
75183 75552
6172 7153
57491 57906
55541 55974
41446 42186
625 1601
97297 97858
96644 96956
11138 12017
57680 58361
70333 71272
90275 90577
66281 66962
97536 98502
42660 43469
25728 26131
18056 18274
4174 4890
33726 34104
32659 33214
94867 94938
71411 71715
40927 41277
92645 93198
73623 73730
79843 80148
77642 78258
27804 28679
49683 49700
50557 50617
76157 76165
37176 37294
95134 95343
32768 33458
22804 23375
18000 18668
6703 6871
98343 98986
54808 55429
14417 14982
72052 72267
86281 86298
39323 39437
77516 78121
12658 13461
88417 89401
3575 4404
258 857
29665 30042
23697 24024
8497 8971
53419 53587
71169 71529
84410 84893
94882 95699
45071 46036
78790 78803
31475 32195
95415 96123
83661 83732
80249 80798
29792 30551
24940 25925
60291 60698
13668 14085
5608 6238
65425 66079
85989 86255
44265 44989
66797 66847
98695 99445
2084 2860
69685 70354
35141 35196
49349 49881
76929 77760
89812 90569
69033 69515
40425 40430
8125 9055
17746 17962
32142 33065
51849 51901
17462 17993
7408 7719
78233 78695
95607 95620
49172 49480
49016 49334
34356 35250
30747 31058
41638 42490
92386 92769
43600 43870
42645 42763
95838 96521
17342 18213
97391 97619
62431 62644
65206 66088
29535 29646
26145 26520
54762 55277
18339 18816
26552 27379
17171 18043
39689 40178
63388 63729
68716 68950
63770 64227
66249 66295
86876 87586
42828 43306
37067 37280
39158 39934
86919 86999
54909 55844
14104 14367
91993 92104
92901 93874
15272 15425
92151 92869
27922 28540
65396 65892
50278 50430
53548 54242
20253 20841
16080 16197
4075 4821
76441 77234
83471 84309
94885 95078
19383 20320
36118 36119
21867 22280
58698 59517
29202 29387
55984 56632
80262 80538
93115 94057
76132 76409
84141 84636
72858 72973
50738 51712
98339 99304
28083 28447
62188 62507
99175 100055
73295 73983
45566 46522
23709 24592
57099 57626
93450 94155
75926 76343
16581 17578
61736 62321
1841 2763
16960 16986
79510 80195
7707 8637
66004 66328
47694 48461
5270 5770
12066 12094
27677 27920
51259 51888
30175 30307
39037 39806
93598 93616
97075 97186
13666 14382
36946 37319
89371 90008
23967 24238
17544 17572
49920 50252
71373 72145
21829 22085
58193 59006
86578 87447
93836 94143
80008 80907
81961 82189
44676 45587
30295 30386
75986 76973
5520 5964
95235 95969
65982 66170
20106 20818
21023 21044
41936 42030
71430 71859
27293 27560
43046 44039
53155 53424
25589 25936
81053 81995
16433 16471
40824 41664
66901 67360
32140 32849
88101 88886
32058 32539
47604 48172
73342 73507
72593 73350
88759 88893
59180 59581
92786 93446
89656 89854
78684 79647
37979 38712
55166 55236
69521 70391
82873 83235
6328 6934
2290 2916
7001 7027
10560 11148
15527 16289
22177 22917
30619 31165
97643 98057
64607 64732
73329 73340
61409 62182
75114 75584
79461 80128
88078 88807
85380 85922
131 1017
5397 5505
42807 43442
59633 60324
22332 23210
51546 52377
85873 86332
5011 5941
85796 86635
54246 54921
2891 3266
35112 35140
64623 65603
27787 28295
75685 76109
76402 76463
61474 61993
73235 73639
68641 68968
23242 24055
87869 88637
95158 95784
16811 17151
21126 21492
10663 11120
59979 60545
54752 55258
63919 64620
39721 39856
58989 59457
75051 75197
11156 12001
27946 27961
37132 38102
37181 37242
19158 19985
93486 94067
20751 20765
82243 82941
25463 25523
18211 18778
50760 51081
4306 4900
51419 51529
32072 32786
88574 88624
81811 81974
4760 4810
54267 54291
40532 40839
97927 98269
72804 73558
72312 72628
38586 38868
74360 75291
56637 57267
85593 86078
84923 85104
36991 37217
82825 83776
80300 81075
98170 98233
48600 49396
61869 62614
96648 97498
88035 88577
46609 47289
94825 95189
90343 90424
36750 36805
2001 2302
95462 95810
11759 12083
35956 36532
7889 8333
83916 84054
39924 40524
87178 87599
50385 51351
23894 24407
51702 52403
56393 57039
66926 67240
71509 72163
67496 67758
49541 49710
37290 37885
95588 96158
62330 62846
19046 19746
75698 75894
41587 42158
11940 12304
63165 63266
95381 95407
67092 67570
77062 77094
35296 36256
21596 22391
23188 23981
73332 73448
9169 9231
22205 22932
80021 80584
31431 31738
65977 66698
48880 49806
15823 16736
74155 74920
60292 60512
98871 99871
62922 63575
97655 98634
14962 15445
76174 76400
28429 29081
58636 58718
60442 61319
89047 89807
18547 19017
91086 91190
94588 94802
85108 85801
88039 88987
73676 74381
43478 44372
63693 63882
29354 30222
76185 76944
16327 16358
33051 33425
31253 31471
81627 82186
90677 90848
40976 41655
40737 41446
19015 19624
44280 44686
56408 57386
38064 38501
4955 4962
16442 17364
1379 2261
47707 48404
53941 54715
90314 90699
45008 45802
4766 5094
10254 10721
75337 75668
58046 58261
13540 14389
57045 57218
45601 46161
91354 91720
20813 20864
19102 19152
9266 9827
73260 73996
22993 23034
6207 6795
45189 45769
95510 96468
54822 55477
12233 12627
85243 85928
40671 41199
23380 23569
54112 54414
60858 61770
64488 65240
89713 90457
60518 61327
53081 53671
90499 90759
17546 18297
53884 54688
2845 3105
25886 26081
93878 94375
35460 35607
47182 47901
5082 5711
80589 80704
70325 70855
39148 40027
39981 40427
36099 36516
36668 36753
14337 14780
47649 47843
27564 27731
68651 68923
80700 81422
36130 36553
81797 82386
79120 79715
36947 37719
95617 95659
6133 6593
40498 41121
44414 45244
18394 18538
89076 89564
39950 40084
65906 66258
54196 54221
36204 36784
41715 42116
71622 71680
95635 96077
66121 67076
62050 62978
87657 88614
2869 3807
61124 61177
7677 7994
1470 1658
810 1472
55407 56013
8542 9155
1335 1995
29486 29900
69762 70239
38655 39387
2441 3096
74251 75219
60403 60690
39256 39643
10571 10644
39805 40791
41702 42358
4682 5060
73503 74150
22951 23662
29450 30116
83506 84466
55432 55792
49567 50188
76407 76929
26692 27153
89369 90079
65345 65850
72838 73314
24241 24636
36836 37567
62769 63044
39222 39679
99430 99812
96296 97072
6004 6924
99713 99962
4174 4345
64483 65448
80292 81270
3766 3848
76969 77029
27510 27700
52750 53378
55741 56651
40735 40748
51585 51978
14748 15048
26648 26941
44216 45155
1399 2077
37067 37398
65348 66329
29679 30301
77213 77656
97580 98104
13155 14019
4050 4539
90193 90803
39431 39909
29696 30063
25718 26331
99185 99230
92745 93141
12932 13436
42735 43252
52131 52245
49015 49747
39587 39770
80096 80119
77567 78494
43781 44525
33987 34584
66503 67217
39799 40355
53382 54334
86799 87263
80773 81375
9657 10370
1859 1896
70983 71296
69941 70134
79846 80813
38861 39067
57081 57395
98033 98749
295 781
51408 52109
49771 50348
28720 28999
9101 9289
89465 89544
91657 92636
5428 6107
44996 45505
53450 54274
40384 41337
41181 41747
18511 19005
12799 13311
75694 76456
75614 76221
11579 11632
2945 3102
49547 49851
61416 61865
8350 9032
58877 59439
97936 97939
41042 41757
86324 87065
28693 29540
81054 81282
6475 6660
4188 4214
36766 37123
43489 44278
79969 80442
38017 38127
53548 54376
61139 61764
95056 95325
69726 70518
49899 50218
49109 49521
26642 26829
98265 98525
65687 66624
12188 13056
3784 4488
33489 34289
59320 59956
23584 24133
50955 51324
82256 82497
59854 60266
88683 89424
52031 52385
99475 100337
56156 56303
34812 35216
30543 31531
17124 17760
18362 18428
42840 43519
76473 77260
74044 74975
14831 15686
69306 69779
52672 52817
79402 80280
77740 78115
12566 13537
21669 21679
57237 58016
30381 30698
96720 96768
869 1400
64221 65066
43619 43687
4103 4318
73365 74004
61077 61476
64044 64569
2771 3376
9681 10483
48832 49717
69373 70229
90048 90724
36101 37012
50151 51117
14438 14732
34326 34842
40292 40648
24441 24701
91572 92054
42251 43209
98308 98540
41650 42051
32078 33041
25962 26767
45631 46619
10785 10860
98355 98791
79323 79977
75288 75504
21062 21450
31349 32022
1558 1826
47353 48150
30634 30964
97736 98498
64835 65228
580 816
46672 47130
30547 31277
78831 79631
43026 43358
43444 43552
37481 38364
39378 39741
26994 27891
99388 99806
21813 21883
23427 24172
68252 69237
85101 85883
27237 27472
29486 30295
14587 15062
11310 11411
28199 29182
89623 90274
68590 68849
58388 59061
86546 86560
24094 24266
2160 2326
23561 23969
61472 62369
50487 50523
88026 88426
48056 48935
9118 9791
86743 87347
67483 67512
63414 64343
47643 47720
7561 7818
91495 92157
56232 57199
25438 26257
43749 44045
1847 2574
36169 37081
19319 19610
29718 30389
10496 10970
45201 46056
4681 5115
78245 78354
82663 82765
99988 100541
38659 38982
33175 34169
52626 53371
35451 35954
464 850
82663 83166
81748 82536
76347 77098
92259 93021
21126 21559
75464 75663
99084 99591
12674 13262
47243 47547
82744 83364
91558 91702
54417 54937
6894 7348
62741 63251
99297 100088
96204 96653
98989 99276
45000 45062
35309 35912
85416 85504
31159 31594
57410 58288
43021 43203
35718 35912
33972 34033
81020 81237
58095 58621
37740 38081
61076 61759
89846 89981
46011 46851
74664 75570
758 777
17859 18805
81805 82092
78556 79187
27222 27515
44895 45345
40892 41589
18434 19186
93887 94268
94117 94986
16231 16342
69753 70323
93020 93892
93575 93715
16275 16594
91465 92285
83077 83237
97091 97116
46876 47755
7233 7928
74155 74966
50221 50797
44393 44437
83385 83441
70663 71624
30533 31325
11315 11836
98133 98896
97172 97269
52270 52385
24883 25350
60847 61747
2727 3339
70546 71216
49946 50460
90493 90919
9273 9970
55613 55728
33677 34001
14044 14863
52427 52986
36696 37467
1492 2185
73404 73659
41859 42724
36715 36736
90007 90702
22309 22942
23122 23309
30658 31105
85663 86205
44119 44281
16661 17428
50222 50791
20367 21147
5374 6023
56375 56917
15715 16660
81579 82303
61418 61952
9259 10125
317 414
77184 77783
93526 94126
82442 82645
76639 77615
53598 54037
45415 45785
53509 53516
88723 89232
31273 31443
74812 75810
53597 53868
21481 21916
62174 63013
21770 22666
71581 72454
45325 46275
92303 92467
86278 87267
91922 92670
39098 39720
92570 93387
10212 10989
8933 9789
79783 79867
17986 18444
79336 80113
17478 17518
27529 27824
22650 23085
32083 32114
78230 79098
24746 25034
52984 53820
34681 35375
74804 75035
26558 27539
64145 64498
54178 54327
77293 78259
59903 60509
93517 93694
35973 36631
69335 70317
33718 34331
25974 26744
96535 96673
54396 54405
82605 83271
87210 87338
9713 10118
80021 80072
8676 9336
29206 30178
36681 37006
41313 41462
264 880
17835 18061
86931 87555
40269 40863
91799 92447
58819 59766
93849 94390
56100 56235
45966 46049
95157 95946
96370 96433
45351 46115
98324 99160
50161 50973
50809 51267
78110 78793
83026 83427
20577 20898
12856 13709
30302 30486
96331 96503
25595 26059
72027 72806
29379 30263
27467 27544
59436 59530
52818 53439
88014 88740
73770 74544
90993 91939
28794 28968
62977 63366
10967 11948
32665 32951
40982 41411
8071 8184
18092 18267
85732 86213
41308 41863
83619 83805
32417 32876
17918 18748
1314 1702
77124 77336
91340 92168
79585 80029
3984 4255
5607 5913
96736 97396
84540 85271
987 1532
11057 11243
30557 31135
76992 77868
85434 85908
65103 65480
5023 5434
47537 47778
95282 96234
5628 6168
59673 59935
5130 5890
5949 6754
69454 70055
78908 79633
24201 24826
88205 88761
66244 67036
83456 84066
76107 76283
14125 14223
39388 39745
9514 10198
93706 94080
15294 15371
56092 56942
6256 6998
65596 66006
58330 58998
6184 6219
67188 67477
962 1418
57027 57963
53978 54495
60459 61296
53586 53674
94267 94721
86768 86823
16940 17884
55963 56003
64737 65399
22785 23577
37448 38439
42970 43258
47616 47640
71354 71744
38632 39121
23637 24287
34469 34635
67620 68066
78322 79018
61707 62571
42954 43365
22620 22932
78330 78603
90 573
60602 61090
41344 41645
26336 26447
28773 29475
16291 16702
17534 18391
30013 30600
24672 25021
2022 2133
56449 56579
90178 90334
52123 52348
97432 97464
7403 8096
15572 16510
55628 56024
3002 3179
33547 33643
87271 87505
25413 25582
56982 57696
50367 50592
31956 32608
45332 45864
38153 38411
48226 48942
92378 92805
35970 35998
48792 49401
10345 11009
46831 46860
66277 67133
47689 47898
77845 78650
65343 66061
86992 87322
78479 78605
8950 9372
27482 27932
29274 30020
67898 68516
65391 65628
48267 48812
8947 9864
56344 56753
9850 10040
3726 4086
58121 58201
85172 85507
52482 53089
45488 45892
39030 39194
68132 68598
42008 42403
17899 18740
6972 7519
98777 99555
95007 95024
54169 54782
94345 94988
63376 63849
52382 53019
49982 50945
59820 59842
95363 95472
97311 97373
97719 98194
60047 60892
64965 65378
37064 37207
51384 51909
48749 48767
28056 28795
31868 32771
94177 94338
91256 91632
81487 82059
2363 2463
7539 8146
29046 29607
88980 89493
19969 20224
34095 35077
82160 82935
84011 84916
73361 73659
8767 9437
61481 62085
11058 11178
40336 40344
14 106
22449 22673
93774 93871
54195 55062
33254 33687
43981 44290
64970 65601
9828 10576
56143 56687
55419 55842
76400 76634
51544 51805
7117 7281
72064 72224
72158 72189
27 66
96962 97077
15735 16419
27233 27877
72633 72950
29444 29869
93791 94552
93604 94026
77352 77394
2498 2712
59482 60352
29255 29636
99871 99917
21415 21652
60360 60551
94324 94525
62894 63487
4045 4875
70268 71232
24732 25069
43039 43253
72841 73395
25195 25670
10553 11534
61096 61107
56210 56362
26247 26754
93984 94701
37 899
68856 69351
3386 3985
93712 94399
68401 68573
51258 51815
93713 94180
45642 46471
75154 75241
55984 56529
27870 28603
54625 55607
59306 59596
38773 39382
39271 39722
63546 63915
88038 88528
56233 56427
51689 52469
20364 21328
32904 32957
8283 8467
15364 16225
74732 74808
1345 1531
79244 79675
26141 26408
53267 54162
45370 45799
13906 14805
51782 52663
92531 92541
10234 11121
12631 13569
83292 83438
87034 87366
73314 73786
25326 25800
23 31
96346 96909
48860 49160
73697 74581
17532 17753
55371 55564
19444 19876
84285 84771
81404 81911
28006 28325
68306 69288
53353 53842
56144 56703
68213 68634
47805 48100
37568 38112
34686 35396
46452 46800
3937 4572
43924 44895
67818 68062
72900 73274
22129 22132
12096 12347
4 822
42678 43309
64671 65056
54133 54915
37583 37749