3
595 116
66566 67126
23700 24513
78454 79029
88628 89140
74167 74212
57782 58385
28740 28750
46383 46902
34332 34990
43793 43956
82349 82607
15659 15721
41773 42699
47495 48142
30924 31711
84919 85166
74877 75719
37608 38162
44940 45374
41997 42843
97671 98668
94562 95154
91395 91523
55453 56419
63258 63694
88290 88714
53819 54796
52524 53402
77211 78118
74034 74145
62938 63689
25304 26197
99524 99748
21201 21397
83277 83895
83298 83769
2877 2898
66150 66482
65249 65534
59075 59689
70921 71410
48674 49041
42449 42624
76365 76687
98943 99921
38847 39450
3076 3800
19313 19658
58815 59417
5932 6506
14991 15748
63372 63518
39559 40453
12975 13298
44186 44750
22512 22750
91136 91656
70305 70602
57497 57506
98269 98687
53923 54201
30953 31686
14772 14970
99301 99938
18519 19344
64611 65307
49308 49475
43060 43253
80588 80813
36740 37157
40309 40338
14512 14959
13761 13931
94704 94948
39888 40689
1513 2267
45995 46652
50454 51207
24366 24931
76671 77039
52272 52677
3983 4204
18135 18311
35948 36901
51474 52006
92946 93152
94833 95829
57502 57767
60189 60426
60420 61282
36731 37043
1172 1764
36103 36163
85536 86146
63647 64497
55836 56554
46010 46236
23861 24284
44933 45182
42806 43355
83178 83418
15068 15079
87911 88649
20794 21629
44092 44229
47377 47689
83945 84888
74243 74437
30804 31761
25264 25703
11515 11953
95580 96534
38896 39780
79680 79925
98451 98789
8457 8651
84373 84671
77339 77714
80761 81701
86206 86521
70660 71060
84493 84933
96858 97752
6516 7390
11859 12388
52441 53406
58641 59501
18189 18600
38376 39139
62499 63495
68372 68946
31457 31869
7180 7505
82276 82406
29420 29661
31297 31383
68447 68886
44525 45183
42237 42469
86460 86616
62347 63313
42895 43355
83692 84234
88514 89029
81887 82008
28039 28899
85305 86281
83954 84762
89271 90240
63039 63352
18946 19301
49809 50476
5117 5853
79002 79095
14764 15162
73560 73687
69867 70038
9074 9469
20332 20389
83554 84479
25325 26128
32768 33289
7477 7646
25507 26321
91769 92609
53550 54292
96089 96610
15591 15686
85604 85847
54565 54965
77590 78166
14062 14607
62968 63279
16232 16512
51207 51268
88748 88871
86103 87080
62551 63421
64667 65364
3403 4333
88999 89558
67514 68444
46955 47366
85144 86031
19541 19754
80053 80728
48194 48446
45036 45961
4754 5724
15853 16171
69205 69541
90483 90775
57156 57752
92240 92662
76404 76635
12550 13172
29316 30206
84354 84744
59031 59406
79978 79996
42867 43598
52756 53734
46091 46620
44668 44710
72768 73015
59817 60354
27272 28163
47204 47322
70888 71772
86927 87593
32645 33561
56687 57087
99061 99465
72303 72393
41036 41074
93745 94334
82377 82692
2129 2145
66641 67146
63150 63974
65340 65678
38278 39172
11627 12271
31028 31369
19108 19462
39459 39570
36413 36841
28409 29188
83997 84362
64642 65294
84218 84255
40274 40671
4015 4374
57396 57970
32301 32381
53118 54118
60251 60273
51870 52235
16310 16765
24450 24663
97095 97120
35803 36205
698 1547
75863 76121
66261 66527
91341 91845
56174 56529
10746 10778
47895 48057
25611 26109
91319 91705
29293 30170
72703 72915
50790 51780
98004 98845
49183 49658
87123 87444
61479 62019
32933 33328
63666 63795
61052 61787
37790 38747
2088 2557
13036 13551
78351 78554
70960 71166
91915 92379
5907 6000
66230 67094
51229 51355
11982 12514
51756 52523
50350 50637
51137 51843
60883 61307
87944 88876
3488 4241
15136 15360
63949 64775
31699 32144
24119 24675
37512 38258
42374 42699
98300 98518
13531 14147
59845 60301
49419 50262
5035 5535
82371 82611
19589 20013
31795 32278
15505 16037
30262 30389
93507 93883
45960 46781
73904 74188
92336 92530
31692 32151
5485 5750
25831 25891
49288 49467
23758 24577
19752 20229
72035 73003
99994 100149
34105 34329
9062 9762
17948 18401
83147 83353
23054 23902
14744 15328
31785 31988
1202 1409
97157 97759
73355 74335
52530 53391
8036 8176
50562 50876
21282 21830
15964 16559
61020 61674
19793 20546
67655 68384
33923 34359
7292 7427
16415 16418
83379 83438
26976 27318
76236 76816
4828 5784
95507 95989
37282 37464
94905 95287
73907 74870
60264 61222
729 1372
85093 85372
87562 88336
55310 55413
37197 37817
36316 36594
92949 93041
48867 49043
45753 46625
77391 78251
44083 44978
10910 10960
55750 55961
22236 22577
90106 90257
12027 12846
89305 89587
95301 95349
84284 84693
36854 37422
6057 6743
21424 21788
34419 34989
94039 94602
83360 83444
87707 87834
52391 52720
85047 85425
96806 97462
78111 78838
2755 3369
44442 44551
53373 53462
74997 75005
70429 70770
82844 83753
36575 37424
28953 29950
2411 2982
88335 88555
39958 40935
86867 87370
41770 42064
75545 75747
25673 26602
16875 16928
12096 12254
83247 84074
63158 63652
2155 2557
30147 31000
92394 93098
72799 73178
83348 83357
33559 33666
24688 25355
25144 25801
13582 14047
91704 92490
52839 52861
16927 17051
43867 44369
22971 23106
36892 37172
68140 68233
79918 80336
76291 76931
33528 33784
44004 44496
41220 41234
18538 19332
94432 94986
24163 24487
27348 27473
28688 29286
69986 70075
61933 62655
73590 74188
80335 80776
25082 25889
16717 16729
78868 79700
57028 57665
26741 26786
12183 12933
33318 33605
13776 14107
38409 38975
18254 18681
12385 12795
90496 91229
96675 97636
28615 29334
86424 87219
32582 33193
44181 44626
58934 59425
63757 64683
26533 26814
3020 3964
94496 95233
75848 76333
35792 35974
64764 65028
58528 58798
80065 80633
85010 85403
73587 74577
12459 13342
86459 86786
85127 85612
96209 97017
86170 86419
37534 37869
60865 61346
21515 22051
41172 41663
97941 98249
95073 95598
20600 20620
2616 3610
85307 85780
17996 18167
30293 30760
73846 74186
21083 22036
88788 89754
51700 51991
72217 73131
95016 95947
86541 87000
95055 95527
97827 98348
98063 98122
21267 21903
9010 9890
73054 73856
97569 98097
17292 17761
67487 67611
86089 86895
25463 25825
13757 14520
84528 84984
82556 83272
45532 45990
70415 70649
16354 16582
99189 99615
84100 84111
88760 89662
15121 15345
58632 58789
87405 88130
42434 42711
40331 40764
84460 85123
7710 8186
68287 68621
35070 35644
51105 51114
99710 100170
77498 77682
60433 61402
43950 44734
1002 1402
83185 84099
42674 43458
69013 69059
70247 70691
9468 10112
24441 24866
18042 18135
36977 37788
50136 50726
31134 31941
19870 20115
32720 33577
14642 14942
2172 2472
24135 24855
62945 63024
10974 11033
71850 71979
26442 26528
30450 30928
3623 3829
90608 91462
64591 65420
64854 65094
55161 55732
64957 65711
64298 65041
85619 85837
78282 78774
36536 36937
20552 21322
61101 61204
36354 36877
93478 93730
67357 68266
77674 78078
21461 22176
87660 88199
1228 2144
52874 53326
94369 95100
83906 84384
90716 91022
75090 76042
41713 42652
76405 77192
10688 10843
25596 26059
86478 87423
64568 65550
70144 70966
97023 97398
82730 83718
99185 99684
82604 83064
12266 13165
97412 97570
89462 89795
95050 95243
3041 3732
39226 40168
47953 48649
53158 53830
17678 18486
80251 80424
71233 71959
28668 29180
16146 16392
81576 82556
95674 95941
29529 30125
27576 28041
51507 51986
69752 70141
98134 98808
2102 3091
77272 77850
93963 94714
66882 67740
63204 63230
61087 61942
17664 18229
26671 27207
45193 45624
23359 24174
71499 71812
99469 100308
49278 49866
96839 97578
73566 74152
82250 82820
16530 16620
91667 92652
27119 27819
340 142
18789 19282
24950 25297
28423 29072
15504 16177
56142 56930
3650 4604
47844 48207
10558 10913
48700 48935
24448 24727
68864 69323
52719 53309
6303 6452
94081 94195
47184 48105
35629 36451
97199 97974
35541 36028
36902 37371
74536 74685
60446 60736
91306 91964
95537 96188
44336 44465
82134 83013
57642 57791
77860 78305
43610 44091
90819 91168
96057 96369
37127 37971
40622 41303
23822 23931
65517 66336
86081 86251
15841 16548
69740 70435
39052 39118
26417 26560
39112 39364
61442 62418
73360 74260
52173 53161
5050 5768
79279 80028
48821 49513
65671 65758
86473 86558
89889 89973
94952 95231
62208 62460
29705 29924
50531 50736
90193 91120
68082 68872
1352 1906
88373 88863
66433 66827
55061 55156
15831 16287
32331 33243
64865 65077
1062 1974
22369 22700
57717 57944
6520 6737
25073 25170
54850 54863
43079 43147
91440 91539
52418 53263
15507 16361
96812 97150
51647 52047
41525 42446
71110 71724
75381 75671
48321 49219
47062 47408
44450 45083
95051 95740
78856 79738
82326 82595
63823 64361
26947 27894
80815 81628
8548 9408
20030 20199
53840 54832
27824 28421
93586 93909
75934 76321
36836 37341
41139 41298
54071 54793
6653 6682
76616 77035
7015 7892
39874 40583
9833 10168
42211 42672
49303 49861
54752 54940
11229 11542
785 1351
94871 95227
34364 34406
60214 60907
81337 81868
71060 72040
62185 62385
62118 63036
94057 94308
77471 78187
3865 4466
86621 87371
19444 19939
78369 78592
5540 6039
1511 2201
48101 48313
68029 68766
17849 18514
36101 36660
31473 32122
73025 73175
38268 39066
71488 72391
41777 41876
74680 74770
7571 8059
54617 55573
36512 37430
79924 80618
9789 10633
89000 89341
58253 59112
80529 81484
42220 43203
42954 43809
19132 19273
84829 85691
26638 26842
30858 31576
63815 64544
1746 1758
16813 16992
89490 90268
2624 3136
74709 75145
2507 3491
63441 64019
23979 24213
67120 67299
83397 83708
13178 13192
62841 63667
31164 31403
20290 20555
96665 96775
87216 88090
56251 56629
92385 93099
19255 19814
44929 45901
395 715
29783 30649
46785 47223
81337 81827
82363 82381
63185 63252
90270 91095
53922 54389
75221 76017
33024 33070
44788 45399
74372 74633
58376 58863
99777 100286
24279 24894
59948 60342
12720 13068
27235 27787
53789 53965
20280 20473
7231 8221
17648 18011
5732 6288
73842 74544
23637 24419
3056 3980
672 1079
39353 39625
70094 70902
80861 81817
22843 23162
41780 42112
24493 24999
73201 74193
63078 63765
94060 94587
88280 88653
47125 47201
71550 71947
98551 98668
33059 33557
45251 45877
24973 25122
4649 5356
18274 18888
17289 17733
99209 99689
48972 49969
74267 75166
39710 39748
76090 76572
5453 6338
69238 69486
210 353
93638 93991
69198 69927
94616 94750
51569 52104
99924 100772
71141 72101
83925 84009
48857 49473
90975 91261
71691 72205
3123 3326
55536 56161
29010 29598
84858 84941
64807 65142
5388 5554
71023 71073
42549 42631
31899 32758
41494 41859
47527 47816
55033 55756
22819 22975
13734 13970
82631 83576
44466 44841
33811 34539
55349 55878
15990 16288
57479 57586
92520 93031
72082 72112
2358 2373
22862 23491
60573 61176
96379 97281
4550 5476
60875 61395
42288 42691
12966 13805
60615 61569
36850 37093
5957 5986
24276 24666
89478 89972
65581 66512
81704 81735
94637 95320
23958 24361
71685 72503
5330 5387
9272 9517
25951 26872
73366 74334
50024 50611
60885 61756
43200 43701
1221 1427
75080 75311
21416 21716
84180 84444
43493 43538
27233 28029
43761 43859
83500 83852
6698 6920
25000 25856
94112 94839
9515 10268
18600 19124
53776 54365
68765 69329
18180 18789
85999 86531
13767 13790
33187 33498
70231 71050
36974 37755
93539 94284
71218 71660
55643 56267
20388 20709
75361 75449
28689 28931
59125 59315
67843 68225
53534 54229
9285 9449
75463 75874
49087 49268
47166 47864
63218 63463
28733 28771
59874 60055
57862 58334
77851 78677
64543 65388
30171 30781
82300 82951
59473 60037
56794 57406
69909 70558
19810 20477
33005 33706
22019 22474
76446 76846
3513 4484
34053 34250
97325 97878
37892 38382
2439 3051
82282 83111
78082 78657
68118 68695
26685 27079
71516 71654
64590 65564
95944 96636
63071 63574
13594 14507
39908 40570
1065 77
79459 80189
17352 17607
71416 72108
54069 54396
86509 86962
2208 2553
52348 53074
32154 32533
89162 90112
2792 3091
75341 76239
23501 24394
96265 96550
75935 76593
85525 86308
53845 53862
88043 88189
4903 5148
43745 43919
88882 89476
48875 49224
30195 30426
31004 31166
86369 87009
60368 60525
4561 4592
91684 91866
6097 6945
70100 70322
67667 68662
17033 17419
65394 65533
44397 44740
58314 58774
85294 85759
81168 81852
53218 53618
9366 9952
82621 82946
9070 9310
86998 87956
87432 88239
32476 32955
87509 87956
356 859
67385 68166
33615 33939
20248 21079
75922 76284
57022 57188
51116 51368
42391 42941
40405 41190
55341 55951
46346 46493
45631 46494
23977 24367
86872 87372
55721 56592
88456 89018
41326 41341
92286 92876
6136 6363
20351 20779
61 555
65135 66013
66929 67726
57029 57669
83892 84341
43816 43847
60811 61659
91723 92656
50436 51430
28811 29371
99361 99410
14712 15573
11873 11932
79983 80279
89899 90351
97615 98253
52654 52729
3676 3881
24608 24846
42252 42371
80887 81141
5351 6017
44028 44723
27068 27537
10088 10412
13729 14381
7862 8019
33048 33661
89877 90367
39180 39286
901 1502
99175 99320
99659 100379
48915 49782
67760 68077
72321 73002
4373 5130
3594 4556
87634 87706
32422 32662
5990 6989
14685 14996
4030 4244
15069 15691
39822 40601
69563 70504
51199 51681
2288 3270
99410 100199
64030 64670
94556 95271
72822 73415
77627 78033
11631 12386
2386 3069
51276 51578
98579 99505
43714 44188
89867 90518
92962 93257
38363 38601
81029 81057
19824 19980
71850 72567
37924 38191
84024 84205
77656 78155
72980 73819
82720 83382
6854 6912
14721 15675
85364 86346
3280 3319
86657 87189
80173 80987
69058 69801
39601 39740
43867 44633
79408 79979
44085 44484
36497 37136
41462 42175
12943 13875
87185 88139
49356 49825
4844 4848
4452 4694
32933 33688
92108 93016
32257 33187
73562 74248
66086 66801
95588 95664
85134 85354
41148 42074
39875 40296
36879 37606
13271 14024
80511 80678
67478 68328
59262 59429
71680 72071
36758 37162
15488 15910
52083 52220
57822 58571
81983 82586
84504 85329
60274 60611
47909 48622
88107 88315
70538 70937
49217 49576
45469 46445
78200 79041
18152 18679
73820 73908
47767 48649
89504 89995
32236 32714
53108 54079
53480 54310
77444 78252
98443 99292
73159 73405
66624 66652
66139 66427
84985 85753
16182 16214
16438 16815
23440 23666
96120 96596
29372 30181
40274 40830
39177 39870
69577 69609
94619 95317
27428 27797
81051 81800
9306 9496
20893 21734
20132 21109
47783 48032
86486 86488
5391 5759
98355 98694
65914 66255
98311 98424
46666 47013
33174 33224
79541 79588
77341 77570
96298 96712
11003 11036
62932 63464
85828 86424
91854 92315
53994 54953
73837 74709
54612 54907
32118 32191
19757 20707
49799 50343
96742 97255
74731 75536
26031 26339
78751 79052
64233 65170
70489 71118
86140 86709
71302 71559
15655 16546
74211 74253
85268 85641
44374 44757
2904 3335
42922 43272
26933 27137
54303 54939
3331 3592
52110 52915
11118 11484
30746 31056
3180 3580
219 568
80423 81037
70208 71192
65462 66332
21561 22283
94290 94641
98790 98897
16898 17065
30702 31669
31354 31551
83033 83467
69801 70525
26139 26159
83961 84783
2971 3643
26738 26906
17422 17671
58701 58830
91781 92639
5697 6185
35667 35954
15611 16432
999 1739
48377 49107
46798 47218
34699 34863
88988 89131
76303 76976
29432 30423
94310 94388
87022 87142
47955 48735
38252 38345
50439 50874
76868 77096
73447 73742
48517 49424
76133 77052
82841 83078
50046 50284
63726 64421
10438 11422
8153 8511
41820 42120
29729 30434
80048 80204
49574 49854
10446 10712
81416 81760
17937 18206
53055 53797
16861 16880
11876 12438
93633 94498
15232 15956
822 1524
11929 12456
27571 28164
64788 65182
62259 62699
88509 88792
92845 93255
56109 56451
98732 99006
67733 68278
25735 26086
68821 68883
13870 14547
34094 34378
42126 42775
56399 56803
86472 87306
69330 69719
74830 75336
53521 53551
50856 51058
11162 11637
60400 60582
52970 53581
64949 65783
13949 14898
25162 26073
36997 37439
85626 86159
39268 40103
55359 55941
77768 77966
56121 56854
22256 22845
60129 60852
33976 34015
6502 7380
14357 14944
94847 95027
50201 50837
40569 40721
89569 89950
86913 87110
97353 97523
74765 75611
97936 98714
43451 43773
84806 84841
21026 21755
18460 19086
96112 96354
88059 88077
2548 3311
83479 84233
53973 54049
5650 6401
53467 53642
192 353
27433 28387
42606 43186
81546 82289
25986 26088
17473 17514
89065 89344
71742 72235
26818 27717
56828 57818
78320 79167
78329 79153
56999 57213
24859 25638
17807 18581
24203 25035
18466 18856
35378 35450
89951 90070
73311 74223
22588 22706
85565 86136
52487 53143
32697 33591
56038 56427
64564 64747
67641 67799
96903 97079
41947 42222
11510 12041
50773 51630
34239 34825
37125 37697
17859 17890
77860 78586
5720 6065
70624 71037
8439 9023
38881 39673
32145 32482
62866 62883
24942 25338
14157 15125
73162 73810
84864 85590
98760 98998
63219 63770
83296 83817
10377 11374
39772 40021
50163 50880
16451 16940
89443 90175
73520 73597
98901 99069
6399 6836
89741 90561
50067 50090
57568 57795
91752 92180
8348 9177
26180 26351
42077 42215
60048 60671
65961 66439
90446 90990
75507 75657
49353 50298
10352 10888
18635 18774
82291 83074
61400 61947
52837 53430
39169 40068
26659 26938
39876 40742
79448 80256
34501 35249
67271 67871
75419 75988
75774 76208
40957 41872
56662 57643
6396 6688
77086 77611
95390 95461
72511 72644
56213 56322
49019 49079
59740 60615
37146 38144
93879 94452
50507 51157
66910 66945
25990 26261
92461 92940
18594 19173
52800 53563
76710 77519
63664 64063
98368 98471
49352 49920
21157 21183
80130 81058
60595 60956
53382 53929
48121 48199
50617 51045
20646 20886
91918 92501
3663 4398
26177 26795
69916 70858
45494 45642
96410 96468
53553 53845
78855 79544
41057 41534
91033 91267
19125 19598
79584 80517
34602 34653
52482 53389
59981 60749
33085 33624
4809 5426
36298 36814
75823 76475
1304 1516
45839 46192
57237 57609
18898 19750
39621 39658
21773 21873
78068 78742
80293 80475
75864 76482
85138 85846
68288 68803
33372 33864
48333 48983
70473 71203
14558 15353
22094 22493
83989 84844
95402 96327
47840 48184
10447 10772
88386 88685
88630 89131
36402 36801
71247 72058
80005 80623
21628 22165
65948 66865
12631 13206
33785 34223
10242 10733
44300 45203
60778 61462
73990 74576
17264 17333
45066 45718
33752 34319
43830 44065
75314 75476
17843 18148
94109 94901
30419 30761
67939 68908
29732 29948
31099 31133
5465 5985
35880 36103
42695 43251
21312 21620
33392 33557
8879 9750
45507 46144
27692 28270
42956 43190
88189 88968
28466 29247
34845 35632
90681 90852
91377 92092
52024 52905
95427 95695
3486 4415
99915 100596
88078 88740
71781 72141
91061 91752
94243 95222
18121 18936
53774 54118
6251 6454
88150 88245
49434 49611
96258 97000
86021 86708
4516 5494
67784 68156
28998 29671
97779 98379
11576 11869
43666 44611
86447 86855
16047 16491
27243 27790
90224 91012
42619 42972
26424 26426
63023 63682
58274 58671
59223 59975
30042 30786
97818 98071
26928 27058
92587 93156
58873 59093
74418 74816
40544 41493
25693 26643
65031 65591
86749 86783
17277 18170
99119 99980
15077 16058
64021 64109
48351 48885
45980 46167
37672 37940
87080 87429
17961 18477
83008 83562
94720 95442
90272 90683
65514 65541
10829 11057
68698 68996
9667 10568
67357 67927
3212 3722
47087 47575
57275 57747
14998 15462
1344 2309
14149 14336
93217 93655
73583 74239
9989 10223
16519 17048
30370 30957
18198 18773
87698 88404
4846 5509
95101 95595
25835 26041
8269 8675
81966 82198
2386 2907
47263 48109
40178 40391
40440 41032
95927 96071
78059 78733
14645 15299
51834 52764
31591 32243
5385 5485
6180 7144
11421 12134
58102 59052
60060 60197
86360 87279
30269 31036
25859 26239
68156 68649
72186 72321
18654 19266
94556 94615
1379 2373
80802 81641
47711 47933
60772 61666
77883 78132
3 301
50877 51785
96224 96662
81362 81739
36313 36486
79532 80095
67145 67811
22849 23643
81535 82171
32375 33303
25708 26037
98429 98478
38296 39011
55916 56666
11272 11606
73311 74092
31796 31879
43680 44509
1550 2165
45240 46121
59234 59314
82466 83059
65078 66055
8581 8907
98966 99918
39058 39363
12163 12619
5811 6610
16270 16591
53981 54948
51199 51969
65440 66279
41873 42242
76489 76941
46282 46642
99707 100330
31042 31964
17536 18098
92340 92862
51339 51690
97869 98110
73031 73249
44873 45823
4759 5090
42651 43003
78185 78434
69668 70274
7827 8524
2040 2562
74397 74813
83209 83285
25370 25614
73320 73609
58473 58693
42814 43350
17591 18287
55719 56469
49766 50383
83445 83511
45590 46349
55252 55445
349 850
86886 87038
71416 72275
7 377
74167 75127
58817 59061
44134 44939
40333 40338
26018 26135
52260 53126
15427 16063
68228 69148
47753 48028
5206 5556
16129 16762
93284 93572
67444 68078
7458 8316
48688 48875
34471 34833
43867 44669
16920 17219
88079 88190
65298 65377
21505 22297
33660 34254
90033 90751
36814 37534
40240 40818
78215 78622
93679 93681
16663 16769
67827 68108
15329 16195
82789 83429
79242 79736
87354 88140
44602 44902
99781 100563
41592 42565
38450 38977
15817 16179
41221 42035
62704 63611
98243 99096
8368 9261
4168 4280
9821 9899
10538 10867
90052 90386
61171 62036
96507 96954
21639 21884
91803 92378
41052 41630
45607 45660
11161 11968
86719 87219
10321 10440
82552 83164
51651 52047
71636 71962
43997 44173
90032 90940
33138 33470
60650 60871
8413 8571
86140 86385
28933 29812
49837 49908
6360 7173
49891 49896
29326 29549
8274 8865
47780 48291
3059 3104
38551 39472
64059 64724
11522 12070
40086 40093
19206 20139
55386 55513
33683 33925
92791 93187
46062 46196
7811 8679
53221 53546
96396 97085
58579 58706
15844 15865
98228 98714
67241 67759
62814 63161
30585 31545
15059 15830
7920 8621
73711 74453
14826 15681
32392 33333
22417 23063
46083 46911
11997 12448
10068 10383
48584 48843
1300 1576
52356 52653
24697 25308
81397 81838
76134 76164
55470 55775
18625 18882
64805 64936
66151 66445
13934 13941
69600 70225
11159 11587
30575 30924
6760 7315
93576 93757
2769 3746
26552 26749
77992 78165
50573 51044
87709 88065
67764 68182
92543 92924
20439 20865
47923 48155
42609 43164
6037 6510
50925 51842
49254 50132
97716 98147
4537 5031
50857 51404
14805 15653
9810 9948
53099 53497
62824 63327
68320 69083
97813 98646
35090 35633
58954 59797
4897 5621
53093 53247
82322 82431
86666 87551
73458 73647
93854 94202
59308 60032
29933 30081
2545 2601
63969 64300
69018 69365
1347 2083
53055 53285
45308 46240
5140 5346
28202 28419
99360 100103
47742 48433
85960 86494
31601 32103
17787 18096
98798 99214
94756 95525
19813 20229
28504 29433
31462 32216
66515 66534
36373 36849
69302 69907
70352 70419
52854 52875
93247 94051
50606 51510
47794 48720
54505 55031
64140 64521
35895 36284
44678 44790
28935 29663
13952 14790
51226 51745
68651 69148
61432 61747
72982 73112
20352 20924
30573 30988
95388 96177
75158 75173
93839 94251
72264 73099
94484 94885
64155 64626
91599 91664
4450 5146
57476 57637
88676 88785
30961 31820
1069 1954
4924 4989
53464 53942
23333 23546
69944 70228
71141 71898
712 1145
25777 26118
19677 20611
92646 92714
22982 23020
6392 6672
4879 5734
45034 45607
46112 46547
67388 68249
60118 61001
99110 99573
51094 51827
8137 8621
22572 22835
9440 9474
4346 4368
58872 59522
28332 28837
44241 44565
14546 14880
63400 64220
12270 13107
30006 30492
73782 74517
17068 17326
69959 70528
53394 53602
11917 12750
57094 57639
43025 43509
79498 80218
78470 79290
56258 56984
19628 19818
43076 43134
96454 97124
54905 55524
84324 84395
33379 33585
95215 96157
19085 19757
12924 13668
68715 69328
40954 41655
95623 96441
49571 49862
79680 80030
71940 72187
62836 63082
59051 59853
29140 29847
21268 21763
4797 5703
80423 80630
51869 52508
42684 42761
46289 47203
63167 63545
72476 73073
17721 17732
56666 57206
48399 48940
52830 53331
98517 99274
9508 10185
81249 81729
43116 43649
57943 58265
10665 10929
10852 11700
52319 52370
72962 72986
63465 64018
80899 80960
80131 80216
73849 74394
49205 49562
30966 31701
26835 27556
10887 11650
18386 18908
7902 8761
79001 79331
69046 69982
23891 24651
55445 55887
38439 39075
49097 49293
11034 11218
82686 82717
22408 22496
58760 59090
19666 19770
89147 89267
61568 61603
83203 84043
29019 29978
63003 63838
84120 85071
50879 50880
13223 13594
99438 99676
33330 34033
11538 11728
85808 86666
52755 53059
93003 93460
30218 31083
98221 99035
71004 71068
85388 86144
66920 67694
40644 41051
13524 14108
31750 31959
62327 62894
90191 90247
4400 4488
13528 14146
76899 77760
67854 67877
65015 66000
91523 92441
52019 52280
12175 13000
12284 12503
65005 65526
77317 77799
69698 70080
23622 23867
56637 56788
92467 93271
82729 83637
34582 35460
753 932
77660 78371
16563 17528
96090 97042
27427 28170
35067 35299
85846 86506
23789 24453
76414 77316
31002 31909
13649 14540
72837 73675
88390 88921
79606 80383
99798 100416
79753 79845