10
1285 873
95918 96182
69464 70334
72385 72611
37267 37937
15631 16137
46454 47202
19612 20384
54047 54124
32477 33454
54380 54417
82156 82316
97764 98116
6104 6557
69091 69585
52376 53120
69544 69987
15123 15159
228 694
84194 84512
58044 58061
3283 3570
78835 79605
25793 26437
51636 51854
32530 32706
80806 81683
46718 47503
16602 17255
68012 68766
79514 79586
33087 33302
49423 49713
90758 90925
36482 37270
5091 5634
56801 57289
54372 54696
55079 55447
88189 88256
13285 13963
94820 95523
59324 59607
5149 5188
14075 14817
18676 19499
19783 19948
37074 37725
17294 18059
7237 8032
38755 39677
57298 57953
20277 20844
57911 58333
90263 90625
80118 80779
74607 75535
64493 64991
22101 22769
53148 53670
40593 41515
76522 77120
26324 27160
52664 53017
72811 72815
47889 48732
22126 22212
88562 88673
87511 87970
67946 68141
79331 79733
38280 38813
29270 29663
31802 32744
57624 58244
62751 62778
55676 56459
33093 34080
38497 39260
98618 99563
79591 80085
29651 30217
14782 14994
72698 73025
98963 99238
26720 27413
41813 41876
46391 46599
12752 13574
13812 13974
90363 91166
70650 70797
44744 45155
83205 83645
16845 17230
5959 6746
83418 84372
77025 77218
23567 24325
43954 43990
59409 59694
91162 92063
9520 10211
59263 59411
45617 46477
41786 42594
66620 67113
47204 47664
28158 28764
40804 41063
85976 86159
72284 73230
85428 86249
48075 48914
25791 25930
36353 36372
44907 45652
82645 83514
40050 40278
75889 76651
55957 56776
63345 64271
85937 86841
55645 56053
7342 7720
14067 14760
88629 88775
50696 51687
29768 30734
19189 19539
63488 63981
83958 83985
18555 19243
84752 85575
61467 61964
75115 76027
44805 45798
19764 19807
44025 44954
10049 10956
9052 9131
32394 32836
29580 30067
94850 95617
757 1205
33010 33274
41179 41603
51723 52126
72636 73207
84676 85376
94859 95135
68332 68440
80443 81442
11442 12317
14076 14885
20069 20556
65953 66693
82006 82595
89156 90070
79098 79848
62523 62812
36546 36928
60137 60551
73806 74295
57386 58036
67855 68198
64885 65826
73407 74404
35304 36157
54168 54974
58128 58985
66562 66733
19165 19534
67079 68068
44768 45033
32914 32934
74038 74473
13497 13716
25676 26387
31731 32378
1035 1049
38817 39257
20281 20928
32907 33050
70581 70919
39660 40430
86566 86828
43421 44405
42387 42673
63102 63935
49384 49466
92161 92403
54179 54975
13110 13812
13502 14041
72768 73518
11366 12365
59437 60160
9595 10415
29274 29551
36180 36712
67086 67601
72232 72527
63729 63781
50001 50443
53010 53745
1141 2026
8409 8686
66199 66616
38284 38425
32726 32999
48158 48569
54353 54733
11666 11993
51528 52317
7617 7935
96673 97127
30761 31402
65090 65344
85512 86386
87914 88876
82036 82855
75784 76510
67806 68680
86734 87645
70470 70561
54242 54319
2042 2478
53693 54332
68100 68966
91840 92464
91654 92358
44777 45322
8490 9179
12455 12991
75397 76045
15296 15866
30306 30801
13721 13724
67475 68460
6962 7055
24312 25209
99063 99416
35806 36637
29859 30309
51969 52638
29080 29100
38046 38445
7182 7559
29841 30509
89585 89751
35467 36384
88735 89424
38129 38614
38160 38384
34547 35244
78313 78459
56131 56486
61890 62886
74518 75104
6986 7776
1661 2316
55678 55890
81822 82314
7848 8423
76594 76643
35231 36228
29567 29744
50069 50819
14504 14688
7455 7826
8804 9647
86753 87332
65175 65404
73517 73837
79950 80108
89975 90653
262 311
97927 98413
84864 85403
78298 78590
5788 6338
58059 58338
42398 42878
66266 66984
77991 78219
4651 5261
92354 93153
25256 25420
22435 23080
17455 18310
30182 30728
98051 98348
19589 20446
86700 87221
50525 51031
44441 44954
72350 73140
89409 90049
89799 90569
37624 38478
15141 15737
93559 94337
41180 42116
53012 53191
4405 5184
40941 41768
70652 70947
3615 4227
43026 43150
37838 38661
98680 99040
32393 32929
80524 80880
22682 23288
91476 91751
91192 91445
32356 32742
41344 42143
25957 26729
32694 33217
52411 52749
11903 12601
97056 97908
47619 47861
20238 20982
63892 64032
29572 29744
58240 58455
44378 45030
78023 78727
89646 89945
97973 98510
39070 39429
82053 82263
67275 67415
96978 97936
26214 26568
20262 20543
14991 15719
8651 8742
62819 63377
43474 44420
7980 8672
47457 48057
55330 55374
60252 61247
60919 61564
74737 75310
4581 4884
87685 87780
4405 4425
10400 10525
54381 55025
11373 11823
31710 31772
57914 58412
32337 32787
96300 97080
56657 57491
38492 39272
55587 55781
23810 23834
37791 38369
54945 55137
60851 61356
75352 75762
58194 58414
94609 95272
65471 66444
29835 30475
50042 50415
93986 94718
68135 68688
51302 51929
47662 48511
25091 26072
10082 10385
95772 95824
88260 88645
35691 36520
5725 5801
68246 68561
43643 44339
15323 16202
80741 81343
6726 7069
75481 76271
22919 23656
74369 75205
2842 3006
96082 96973
24878 25197
45189 45821
67250 67721
48568 49091
2029 2943
2042 2548
86222 86591
78781 79698
57700 58535
17971 18778
47292 48242
58981 59269
27587 28421
12397 12407
58120 58503
83395 84240
4527 5225
5173 5237
25054 25137
15299 15647
73939 74870
23025 23936
69516 69915
33062 33447
91148 91270
15692 16278
25082 25101
3312 3567
4072 4648
76366 76800
61268 61277
9337 10241
11609 12186
84615 85318
84333 84825
30228 30693
3439 4165
12400 13351
35269 35333
36968 37751
19463 19786
48628 49046
20629 21211
43200 43818
15779 16154
9617 9717
8729 8966
10370 10745
6585 7214
9651 9909
51202 51878
25194 25542
64664 64799
95921 96776
83375 83735
65803 66309
24359 24918
44212 44713
35174 36010
9214 9522
30127 30447
51018 51088
73898 74415
27703 28345
36033 36760
7167 7413
79114 79151
51263 51731
40670 41432
5901 6586
33487 34382
59185 59357
45806 46254
98125 98912
52152 52424
7378 7625
24393 25003
92336 92415
55596 56558
16169 16302
34594 35151
68166 68597
71430 71761
74615 75333
57080 57733
77608 78089
79671 80278
5021 5263
34718 35492
18858 19269
52842 53443
65698 66245
63192 63329
47708 47740
28115 28954
57487 57532
2883 3572
96008 96474
95595 95715
53792 54719
27379 27752
14595 14758
61745 62621
89995 90657
78999 79624
66295 67136
3289 3572
93525 93925
42535 43073
1261 1556
55588 55625
95135 95553
85823 86570
7074 8068
22874 23160
69499 70052
6868 6939
89753 90077
33785 34581
69532 69857
2889 3231
52337 53014
94118 94193
98031 98604
64086 65038
79755 80075
35818 35933
89075 89946
43505 43914
45893 46002
50716 51457
46564 46761
30759 31270
20614 21564
49084 50048
99642 100069
58394 59036
13500 14328
92508 93093
30720 31403
46144 46738
93311 93956
99133 99309
73485 74112
46666 46938
24140 24699
82015 82173
50025 50868
15501 16468
97568 97856
45196 45994
84523 84918
19935 20494
82997 83313
83692 83958
85188 85873
96005 96855
21751 21844
8891 9626
21276 21359
32659 32985
86752 87599
54614 55228
30323 31285
29049 29473
73520 74035
85459 86299
99242 100175
29319 29636
58581 58893
2192 3138
60048 60620
63136 64097
63524 63994
39534 40429
63950 64663
35228 36184
47716 48257
35027 35797
3920 4238
3710 4082
6854 6876
37402 37508
57413 57648
72312 72352
9141 9440
81710 82450
91525 91617
35792 36474
65713 66637
56230 56570
42277 43054
46254 46392
18437 18455
44300 44343
62820 63611
13010 13587
34288 34490
55257 55512
98048 98389
15542 16529
87065 87474
42566 43555
14458 14616
78689 78697
90087 90872
81941 82425
27831 28101
33394 34200
66882 67788
3259 4080
86708 87463
17451 18101
24269 24849
17760 18125
67259 67635
99731 100348
82793 83049
13749 13999
33255 33342
3788 4146
16871 17340
22211 23143
67840 68794
90354 90378
4745 4999
71163 71725
55860 56257
985 1352
16760 17694
61740 62235
30109 30594
7160 7498
90073 90792
78029 78994
99030 99384
17918 18060
19979 20085
92116 92329
84780 85027
95561 96511
291 1192
25939 26931
3577 4236
57878 57970
72804 73339
25099 25339
44659 44803
37371 38230
18754 19380
29865 29929
62365 62689
62004 62274
57179 57948
55880 56177
51190 51817
77697 78572
18921 19316
34547 35240
94920 95635
93305 93594
56001 56768
69185 69723
61269 62088
37084 37889
1487 2249
20490 21354
71194 72100
94746 95545
24239 24922
63701 64351
50323 50454
827 1196
43136 43465
49707 50136
14848 15811
27400 27744
1800 2125
7398 7600
82989 83294
41552 42341
79935 80069
68177 68612
30283 30878
29669 30192
24114 24428
89972 90332
7644 8391
48001 48460
5226 6079
93556 93852
83645 84631
44839 45504
45121 45256
74706 74783
32587 33394
44240 45075
741 1237
19761 20495
85716 86622
38214 39173
6997 7771
27426 27849
47873 48869
51819 52164
45623 45860
19872 20115
18881 18884
89452 89973
73702 73867
23918 24568
79423 79960
46786 47052
91540 92482
90335 90704
31308 31527
15989 16542
94217 94766
77298 77961
89908 90847
70581 71504
27404 27920
69330 70102
59323 59353
4929 5314
1331 1681
23728 24347
36105 36381
38711 39700
64794 65586
60725 60939
29117 29721
29695 30132
52202 53096
44656 44879
84050 84371
85938 86726
89548 90159
47606 48013
62867 63684
17400 17549
6914 7789
41487 41616
75552 76347
7160 7814
67048 67156
48933 49139
10415 10882
21270 21392
97724 98472
84686 85324
94103 94575
7940 8801
42967 43560
4024 4739
12945 13169
93732 94592
39899 40519
22981 23085
25642 26212
93919 94308
29491 30479
19245 19282
68292 68725
51761 52732
93124 93797
24661 24676
78945 79370
94824 95820
53328 53578
53981 54548
81577 81595
641 724
86892 87199
60063 60112
99908 100020
82759 83350
15023 15381
69518 70151
22030 22345
44400 44519
21780 21917
37310 37418
44189 45170
63348 63386
65286 66239
23602 23897
4081 4465
58972 59314
94077 94288
49999 50670
17982 18770
13703 14419
55630 56018
76805 76851
18278 18657
44307 44366
46178 47064
53991 54472
46089 46409
86454 86710
22066 22159
66588 66722
78665 79572
85186 85769
38727 38852
58683 59549
91609 92204
64732 65276
12781 13069
6225 6767
74892 75052
46817 47635
58205 58674
18215 18405
77824 78374
7876 8773
28729 29084
82739 82909
55034 55893
69686 69807
20963 21332
93617 94540
43116 43385
62474 62720
40275 40439
48087 48466
22800 23607
97300 97349
34092 34191
55778 56502
78226 78544
90577 90968
68620 69239
65881 66452
20983 21071
7195 8142
37157 37833
40199 40819
81442 81676
83656 84411
53178 53933
99757 100013
73299 73468
61898 62297
31427 32239
9652 10144
10940 11657
18079 18218
32677 33019
59369 60057
93971 94137
25053 25571
62071 62934
80834 80978
56981 57451
38718 38721
69503 70031
38416 38913
92881 93244
78345 79181
37423 37989
78877 79383
37274 37622
46399 46476
12490 13396
6714 6853
80667 80841
17077 17266
59206 59609
40398 41126
53514 54427
1623 2026
73639 73651
14210 14646
26204 26955
96620 97594
53003 53987
56823 57012
34987 35682
36274 37172
7760 8376
69707 70661
85787 86523
76519 77396
5347 5461
52371 52697
48613 49228
96676 96683
95560 96364
32946 33247
6128 6910
68696 68973
80131 80508
76554 77507
54804 54842
67834 68816
81367 81582
77588 77764
27416 27544
702 1671
73045 73110
71531 71604
78797 79497
94148 94951
63119 63572
87516 88076
36661 37659
96853 97621
83332 83873
45089 45628
12889 13833
39443 39762
59686 60001
21916 22036
56214 56359
62424 63101
13737 13994
18718 19436
48792 49009
42239 42507
99054 99396
99522 99961
2846 3582
30593 30796
72960 73427
14462 15343
17042 17787
48358 49215
96075 96627
81754 81916
82403 82514
84764 85588
21123 21458
70957 71453
91384 92030
7894 8591
84964 85166
56877 57733
64841 65795
38762 39424
31486 31773
39029 39445
5472 5491
55064 55948
82314 82877
20338 21281
19727 20339
1299 1694
10252 11141
33591 34111
6608 6613
36972 37156
35532 36333
11285 11696
86540 87502
29544 29862
36463 37375
58386 59186
21536 22496
26136 26770
48241 48790
41754 42240
93619 93643
17285 18163
33216 34134
74926 75042
21655 22257
66409 66540
73515 74413
42535 43134
54716 54723
33946 34337
76787 77517
12411 12818
18119 18759
21235 22155
9403 9699
55582 55833
36683 37642
36294 36525
96517 97431
65664 66180
40794 41169
59800 60299
36556 36866
55145 55880
55520 56244
33927 34902
26985 27626
65400 66276
2870 3201
85053 85554
76953 77636
69626 69804
40372 40558
36879 37105
2588 2965
86343 87260
94699 94893
63220 63982
58460 59004
39868 40731
40722 40729
58027 58139
52093 52400
45316 45807
85374 85592
15689 16289
26539 26597
53282 53853
89055 89855
34940 35895
86615 86799
9565 10113
43203 43743
39027 39183
54942 55025
24740 24965
95160 95311
96346 97188
23441 24166
65869 66418
41959 42470
68691 68888
34200 34880
23802 24045
97890 98145
36193 36294
4712 4759
18909 19810
31769 32590
84028 84742
26190 26911
79287 79943
77902 78638
62027 62187
11493 12401
28204 28821
54573 54893
69375 70152
97786 98111
8550 9446
52393 52468
96770 97725
3182 3584
96398 97277
89493 90313
75563 75900
55106 55298
92210 93113
55416 56102
83444 84164
23728 23878
4387 4577
40406 40673
88759 89654
15507 16209
22774 23411
72855 73837
49617 49683
94944 95364
65077 65480
71740 72062
93139 93972
56734 57035
65441 66172
87058 87139
40543 41366
42132 42385
73448 73919
26561 26839
61616 62365
40100 40537
34953 35262
67277 68228
7173 7684
92672 93162
85474 85748
81099 81989
99490 99685
29666 30619
18026 18829
8415 8645
80355 81074
82239 82676
58716 59092
54188 55010
47769 48132
19739 20048
2101 2179
79704 80070
15659 15728
63090 63529
96927 96932
99167 100158
18296 18917
7627 8250
27425 28341
79249 79703
7205 7862
52981 53825
12385 12401
72264 73162
68799 69217
66183 67156
33344 33604
44687 45071
43039 43967
27876 28372
57532 57675
9651 9943
87386 87791
42701 43159
51020 51960
9089 9472
26285 26544
43404 43407
53672 54004
59168 59867
10252 10522
6990 7882
41114 41599
86178 87104
24189 25021
85357 85920
39238 39715
90630 90720
93085 93637
87056 87831
39385 39589
85577 85810
15239 15966
99540 99754
75583 76269
7626 7774
66795 67179
78355 78413
16426 16967
81769 82601
90015 90540
85374 85888
92527 93260
69215 69393
89974 90032
86674 87236
59101 59540
89014 89446
38807 39202
40756 41586
93845 93940
66423 67287
94779 95379
60526 61208
14782 15614
20934 21492
55314 55646
69088 70015
76613 77128
35676 36556
70788 71625
97262 97677
61052 62030
62183 63117
18762 19420
3543 3743
9824 10277
14923 15334
67577 67754
75869 76539
89759 90105
92909 93508
9880 10060
9468 10465
90367 91065
8767 8815
14321 14815
4643 4949
65412 65810
35057 35432
13332 13750
27114 27931
28187 28893
93429 93612
22200 22958
52762 53527
94508 95492
84908 85803
45779 46671
28620 29045
78881 78994
53169 53521
64820 64874
40301 40661
61312 62258
95237 96002
49327 50187
92234 92742
32758 32850
92795 93300
96323 96433
24090 24814
38136 38759
97264 97906
96764 96872
93410 94375
56134 56580
52173 52359
7037 7852
37458 37652
1023 1626
60538 61480
47514 47626
71445 72439
28971 29950
19312 20042
96649 97118
30684 30870
76300 76590
93110 93423
21168 21370
7314 7830
2675 3596
12712 13647
19696 19827
99687 100528
65322 66043
3645 4280
14519 14966
43122 43882
63825 64680
42581 43538
56396 57220
99713 100168
59148 59365
58519 59152
22488 22829
30858 30931
61110 61784
96147 96478
79945 80877
34958 35595
35923 36022
82032 82862
9707 10581
53044 53887
21494 21944
28567 28806
44694 45644
88498 88695
24422 25237
5537 5962
6123 6651
35741 36398
887 1552
63028 63213
42089 42251
4784 5063
89863 90555
73200 73981
30362 31033
17168 17300
13498 14271
46794 47613
20384 20774
40899 41085
65938 66156
58183 59101
38833 38980
81184 81785
90128 90373
39555 40111
38776 38845
13592 14411
45114 45120
87314 87605
55995 56660
64416 65113
28003 28267
22391 22791
14154 14908
50649 51621
93864 94571
10297 11148
12956 13203
60709 60747
35990 36754
93150 93764
38081 38372
89181 89458
82406 83277
74464 74740
95524 96366
93110 93412
6 811
64401 65030
44735 45505
36771 37193
64926 65343
63082 63583
11797 12057
167 980
64977 65763
82584 82898
14942 15416
27382 28215
38220 38991
77944 78710
11615 12260
31264 32006
93780 94679
47381 47645
13554 13658
998 1955
70077 71002
15289 15967
92352 93114
71258 71913
72295 73087
50523 50597
87560 87773
37488 37528
53775 54623
44550 44660
1428 1938
59122 59216
57302 58300
9270 9925
81662 81705
23948 24518
86117 86394
38170 38704
73387 73820
55355 56007
43037 43482
90849 91815
58945 59598
16099 16267
24709 25524
70391 70608
99798 100394
45337 46287
7882 8408
20285 21284
50278 50414
28580 29489
96250 96956
28444 29117
13212 13996
39864 40084
2126 2208
80151 80481
71842 72531
11398 11527
22265 22437
12193 13191
30636 30918
33506 34498
5633 6183
15167 15629
52563 53053
22386 22521
8159 8662
59293 59682
35326 35949
3442 4007
11892 12464
99354 100172
14197 14318
5780 6327
51778 52696
35889 36340
87967 88086
89250 89264
93440 93696
66951 67434
79163 80119
77316 77913
87029 87852
23695 24103
19215 19872
28217 29056
35484 36006
82098 82323
42569 42992
29534 29727
84818 84948
56048 56486
49655 50220
68060 68608
48599 49266
48995 49655
86708 87547
66764 67697
66787 67269
32635 32643
72594 73329
98028 98589
51150 51288
83308 83745
90837 91033
73116 73234
6099 6484
52178 52969
67962 68151
43225 43348
48576 48625
93833 94139
69647 70236
93796 94775
67997 68311
5068 5920
78592 79481
95604 96389
35464 35750
14112 14385
53934 54326
14211 14671
39470 39891
45413 46073
40772 41737
27810 28303
16491 17161
27636 28046
72458 73406
99821 99843
75515 75992
29436 29607
23312 24306
79793 80184
25489 25801
79357 80075
66853 66884
71410 72140
79865 80731
91807 91814
56899 57002
65869 66377
92057 92479
24316 24770
42648 43171
42505 43201
69542 70437
50508 51224
86206 87036
92813 93102
9339 10191
46115 46797
52236 52386
85695 86426
97363 98113
93795 94530
18328 18380
41456 42201
15492 15693
4639 5497
30417 31345
72970 73343
70096 70890
71841 71909
30018 30151
91259 91676
62832 63593
52739 52820
49011 49349
5297 5722
39008 39416
32732 33072
95345 95679
395 232
62541 63479
78667 79518
36299 36556
27169 28028
54156 54385
53411 53596
9371 9600
70485 71024
41868 42641
92084 93034
95339 96023
58146 58875
59564 60231
38854 39053
64192 64516
19100 19673
950 1258
48399 49230
27582 27892
22548 23112
75995 76025
731 1104
39909 40340
80989 81372
1841 2387
2851 2986
3593 4237
50060 50888
13828 14610
70742 70861
55239 56171
96983 96992
46690 47526
36350 36713
37988 38627
31380 31514
46897 47136
17914 18525
32729 33078
19767 19786
99411 99673
84300 84833
38472 39000
26748 26899
97636 98201
17184 17337
4666 4710
33281 34077
36826 37394
74688 74927
59179 59452
66192 66363
92225 93204
49460 50349
28188 28582
67247 67368
9430 9801
26205 26818
62539 62647
92018 93009
28950 29285
4295 4723
16190 16427
35736 35849
84426 84462
82317 82708
25123 26016
54188 55053
77332 77743
40383 41054
63561 64131
82183 82968
70295 70303
87835 87887
63186 63810
31204 31405
10258 11172
72344 72542
12923 13603
65202 65346
88861 89653
80413 81369
82790 83392
51998 52021
8167 8439
34560 35358
44651 44719
66338 67151
58471 58898
61975 61982
11082 11922
51563 52234
74096 74592
74225 75094
79850 80450
84885 85261
95588 96285
91902 92509
63930 64641
29689 30485
80545 81248
33762 34221
19814 20376
17010 17132
20472 20773
88468 89034
48672 48760
48796 48888
73893 74519
93559 94529
51859 52615
44999 45228
83450 84400
36987 37632
64701 65468
35849 36144
12617 12868
82884 83077
90532 91082
79607 79946
19285 20033
35767 36589
15852 16790
88211 88889
86467 86610
61449 61935
94613 95231
35408 36391
3266 3453
45205 46133
29331 29900
61274 61590
52490 53332
93119 93310
51114 51761
86284 86607
69205 70027
29772 30251
39830 40233
53077 53246
67967 68853
63464 64120
18872 19394
10087 10480
12608 13425
62869 63733
22803 23489
61956 62665
78210 78813
88857 89265
58733 59439
59273 59557
80305 81145
55223 55481
72802 73117
98297 99233
87454 88216
1770 2028
87348 88110
18493 19398
14668 14740
70224 71078
64689 65645
92250 93088
79584 80529
17107 17472
55907 56457
60560 60943
92725 93617
8026 8631
8817 8962
25210 25563
81560 81647
23774 24471
6190 7102
56226 56530
66265 66871
18070 18387
26937 27738
77357 77562
77230 77308
38539 38923
9782 10101
73674 74468
327 473
92316 92970
87487 88239
77481 77963
24126 24726
50010 50990
44648 44738
38147 38548
57277 58241
58823 59776
24163 24577
87501 87786
67287 67375
92019 92386
96510 96752
35590 35692
46312 46995
87591 88221
42138 42865
60135 61114
2953 3860
91188 91521
32914 32989
56840 57503
13843 14359
52131 52444
82909 82941
76410 76847
51808 51977
96772 97381
60280 60980
19720 20035
55831 56267
89466 90387
93055 93832
57304 57360
5078 5854
45442 46188
60260 60596
15844 16414
31601 31658
57698 58368
97156 97974
1943 2435
97002 97702
42828 43620
83685 84568
52071 52722
34387 34780
5935 5977
80319 81080
98309 99298
85013 85813
74302 75264
98826 99078
3419 3580
67838 68385
45494 46388
50179 50189
3861 4839
90104 90392
74082 75035
13514 14062
90100 90164
8187 8227
80056 80636
50428 50633
47081 47689
98611 99113
82715 83426
91586 91623
24768 25681
27127 27574
68335 68758
60876 60975
96477 96511
73096 73374
77442 77723
7308 8056
89276 89642
57390 57785
32756 33498
1138 1347
76270 76778
63439 63880
82494 82838
83767 84744
74361 74832
44618 44803
9703 10433
59419 59987
68741 68842
24945 25334
84713 85562
54346 54783
62133 62657
88354 88799
39511 39880
20079 20637
82550 83247
14329 15146
1333 1787
99193 99336
90326 91077
51197 52096
99354 99371
77626 78567
71479 71690
30427 30791
68039 68276
90111 90493
88931 89272
88346 89180
77771 77815
32078 32465
90398 91136
18603 18804
96155 96676
32657 33376
20943 21931
13603 13873
91503 91564
60912 61834
17111 17120
7147 7905
75991 76827
29838 30189
37865 38252
17487 18405
63319 63692
37967 37993
72918 72957
17978 18275
87671 88003
55077 55730
13758 14182
17360 17738
78590 78894
42038 42619
85268 86204
56772 56799
70427 70918
16863 17769
90254 90350
17673 18084
86406 87297
22089 22427
46451 46556
56134 56743
49061 49972
80885 80888
65834 65869
34973 35961
91889 92051
83340 84088
19827 20581
55133 55726
77501 78070
25720 26566
27992 28524
72962 73483
2150 3088
41966 42275
75269 75528
42076 42666
43420 43732
88729 89622
30676 30794
76505 77371
64088 64271
84049 84417
78038 78696
88681 89293
80392 80605
16645 16880
6226 7120
9618 10111
52427 52832
85401 86279
6501 6649
5124 5448
78140 78564
25392 25576
90989 91882
36220 36802
97122 97680
99953 100732
75488 76083
9378 9930
8410 8688
2759 3661
18694 19023
71479 72284
14460 15162
11382 12225
43765 43921
69201 69939
48198 48791
52470 53204
7773 7899
55206 55626
64240 64830
21705 22321
79661 80291
75960 76036
37292 37664
763 1317
63114 63504
57910 58074
29361 29715
61694 62677
18 448
65693 66458
5193 5918
54534 54851
25515 25817
47374 47766
52022 52616
56418 57367
84302 85148
24825 25412
10627 10666
8681 9312
38024 38073
61630 62390
33067 33795
14329 14988
37379 38375
84947 85124
80573 81365
63 23
43483 44188
62464 62593
92044 92455
58175 59107
63569 63750
589 1325
23272 23485
51266 51971
67526 67702
49697 50169
20773 21033
4590 5046
5166 5566
98394 98739
49596 50167
14380 14564
89972 90720
63328 64320
68742 69411
28267 28790
47615 48014
35104 35340
11638 12424
20747 21314
25549 25653
19209 19485
54181 55147
27558 28196
99162 99345
3962 4758
80103 80340
54158 54724
81858 82676
77390 77868
74168 75093
88523 88531
84070 84553
57534 58419
18212 18283
8828 9423
23339 24191
76514 77070
49027 49186
57289 57435
65109 66056
85888 86637
70119 70694
1212 2072
74083 75026
98195 98484
27597 27962
89000 89068
86770 87481
36334 36935
26222 26319
62759 63749
35588 35919
14194 14850
41242 41547
52007 52239
99158 99526
76491 76838
55980 56136
37 409
19673 20561
8982 9931
14796 15652
97149 98061
64926 65859
99271 100170
21289 21773
93721 93966
85259 85449
39759 39779
88865 89827
45603 45760
95249 96079
9622 10467
78789 79154
13055 13723
97803 98375
7244 7689
49374 50048
31696 32573
97692 97696
48577 48812
84993 85625
53720 54435
9662 9733
59537 60100
77649 78271
69523 70265
8883 9743
51391 52000
10058 10349
10363 10617
27565 27997
32113 32433
39427 40340
52656 52857
13051 13122
14 43
8755 9092
29417 29529
32832 33008
85320 85418
50056 51023
85539 86229
3332 3614
63574 63687
95413 96310
71568 72413
85681 86601
40156 41151
52697 53030
79752 80352
6 702
45628 45826
25577 26509
60580 60939
11888 12207
63658 63668
79719 80280
9 887
51739 52406
87691 88063
90465 90685
32696 32700
22453 22729
82078 82411
42172 42331
74565 75494
99983 100770