5
5
500 550 600 800 900
7
300 450 500 550 600 800 900
7
300 400 500 550 600 800 900
7
500 660 670 680 700 800 900
100
414086 112402 272104 355067 965747 68225 817384 59083 612789 309262 995530 672064 130976 294686 86193 127070 997002 233850 859775 964493 718710 532941 85868 646011 219407 473827 44142 752801 433445 353787 262748 404246 500101 572300 652436 827424 459687 838492 894461 382080 984014 756832 486825 857553 434857 336100 649788 547702 382120 528907 19186 671915 810325 1556 131373 215259 390674 320766 286704 18334 253299 358546 66518 664207 939650 438426 183919 411270 627031 978872 482684 787243 430123 613008 525319 558810 843181 252324 665566 594900 115173 590359 533818 241858 281861 93358 697587 31822 807915 715985 124183 302449 556072 520436 259979 309769 909643 721805 676766 664349